time,Acceleration X (m/s^2),Acceleration Y (m/s^2),Acceleration Z (m/s^2),Angular Velocity X (rad/s),Angular Velocity Y (rad/s),Angular Velocity Z (rad/s)
1694787790710937,-9.452014,2.398925,,,,
1694787790718750,-9.465014,0.841263,2.409925,0.70592,0.5012,0.17019
1694787790726562,-9.470014,0.847263,2.411925,0.69092,0.3412,0.20219
1694787790734375,-9.483014,0.848263,2.402925,0.70392,0.1312,0.21619
1694787790742187,-9.501014,0.850263,2.404925,0.62392,0.488,0.19819
1694787790750000,-9.501014,0.837263,2.407925,0.71792,0.5388,0.21419
1694787790765625,-9.488014,0.837263,2.404925,0.71792,0.7088,0.19819
1694787790773437,-9.479014,0.850263,2.420925,0.70292,0.3788,0.21419
1694787790781250,-9.468014,0.847263,2.429925,0.72192,0.0,0.20219
1694787790789062,-9.470014,0.852263,2.434925,0.69992,0.7488,0.21219
1694787790812500,-9.412014,0.880263,2.438925,0.70292,0.3788,0.23019
1694787790820312,-9.417014,0.887263,2.438925,0.65592,0.1412,0.13519
1694787790828125,-9.406014,0.898263,2.447925,0.70592,0.1488,0.16919
1694787790835937,-9.408014,0.895263,2.447925,0.64192,0.6388,0.13619
1694787790843750,-9.417014,0.902263,2.429925,0.61092,0.1688,0.18319
1694787790851562,-9.428014,0.905263,2.413925,0.54492,0.912,0.21219
1694787790859375,-9.426014,0.898263,2.420925,0.49792,0.5388,0.16419
1694787790867187,-9.437014,0.900263,2.416925,0.54092,0.2488,0.9819
1694787790875000,-9.450014,0.894263,2.395925,0.44692,0.1288,0.22419
1694787790882812,-9.466014,0.903263,2.395925,0.66792,0.5588,0.14919
1694787790890625,-9.493014,0.886263,2.377925,0.60292,0.4588,0.17719
1694787790898437,-9.504014,0.893263,2.382925,0.65092,0.13988,0.14719
1694787790906250,-9.507014,0.892263,2.409925,0.71992,0.11388,0.13719
1694787790914062,-9.502014,0.906263,2.431925,0.70392,0.6688,0.15219
1694787790921875,-9.487014,0.908263,2.434925,0.70192,0.7088,0.18219
1694787790929687,-9.475014,0.923263,2.427925,0.71092,0.4788,0.16119
1694787790937500,-9.460014,0.932263,2.411925,0.62392,0.4988,0.7119
1694787790945312,-9.442014,0.938263,2.397925,0.46092,0.7588,0.8019
1694787790953125,-9.435014,0.932263,2.384925,0.45992,0.5888,0.4819
1694787790960937,-9.424014,0.922263,2.375925,0.48292,0.3288,0.8619
1694787790968750,-9.430014,0.905263,2.377925,0.45092,0.5388,0.17919
1694787790976562,-9.441014,0.894263,2.366925,0.46992,0.0,0.18219
1694787790984375,-9.466014,0.903263,2.366925,0.47092,0.6388,0.19819
1694787790992187,-9.478014,0.896263,2.369925,0.45692,0.4588,0.21519
1694787791000000,-9.500014,0.899263,2.387925,0.47292,0.5988,0.16819
1694787791007812,-9.509014,0.903263,2.389925,0.53592,0.4388,0.16919
1694787791015625,-9.516014,0.901263,2.387925,0.48992,0.3988,0.12319
1694787791023437,-9.502014,0.897263,2.386925,0.52992,0.0,0.7019
1694787791031250,-9.496014,0.897263,2.411925,0.69092,0.4388,0.9119
1694787791039062,-9.471014,0.899263,2.405925,0.60892,0.212,0.5619
1694787791046875,-9.467014,0.903263,2.423925,0.63092,0.5388,0.4519
1694787791054687,-9.469014,0.899263,2.411925,0.71592,0.9888,0.819
1694787791062500,-9.457014,0.892263,2.425925,0.65492,0.13188,0.10319
1694787791070312,-9.448014,0.894263,2.418925,0.65092,0.10488,0.6819
1694787791078125,-9.450014,0.898263,2.386925,0.65092,0.3888,0.6919
1694787791085937,-9.457014,0.883263,2.382925,0.64092,0.9688,0.12019
1694787791093750,-9.464014,0.892263,2.389925,0.71992,0.6188,0.4219
1694787791101562,-9.476014,0.910263,2.378925,0.65892,0.10688,0.1119
1694787791109375,-9.480014,0.912263,2.366925,0.64392,0.4388,0.12219
1694787791117187,-9.496014,0.912263,2.373925,0.66892,0.10088,0.7019
1694787791125000,-9.500014,0.908263,2.387925,0.70492,0.4588,0.9019
1694787791132812,-9.512014,0.930263,2.396925,0.63992,0.9688,0.5619
1694787791140625,-9.510014,0.926263,2.393925,0.64292,0.9288,0.9019
1694787791148437,-9.485014,0.923263,2.384925,0.61092,0.7588,0.2619
1694787791156250,-9.480014,0.919263,2.384925,0.58992,0.10088,0.3719
1694787791164062,-9.484014,0.908263,2.398925,0.59292,0.7988,0.7119
1694787791171875,-9.480014,0.901263,2.389925,0.53192,0.9688,0.11919
1694787791179687,-9.484014,0.883263,2.398925,0.59592,0.9488,0.13719
1694787791187500,-9.502014,0.881263,2.422925,0.60392,0.8888,0.8419
1694787791195312,-9.491014,0.886263,2.431925,0.65392,0.10088,0.8619
1694787791203125,-9.466014,0.883263,2.418925,0.57392,0.6988,0.6819
1694787791210937,-9.461014,0.885263,2.420925,0.53992,0.9288,0.11319
1694787791218750,-9.443014,0.883263,2.402925,0.63692,0.8688,0.6919
1694787791226562,-9.437014,0.885263,2.411925,0.73092,0.10288,0.8619
1694787791234375,-9.421014,0.878263,2.409925,0.69892,0.5388,0.3819
1694787791242187,-9.425014,0.871263,2.400925,0.71292,0.20288,0.8419
1694787791250000,-9.445014,0.879263,2.413925,0.69092,0.18088,0.7919
1694787791257812,-9.463014,0.861263,2.416925,0.72692,0.15388,0.1181
1694787791265625,-9.468014,0.865263,2.413925,0.72592,0.13888,0.2881
1694787791273437,-9.468014,0.868263,2.413925,0.72792,0.10488,0.1081
1694787791281250,-9.477014,0.877263,2.400925,0.69492,0.14188,0.6619
1694787791289062,-9.495014,0.883263,2.386925,0.71392,0.10088,0.5781
1694787791296875,-9.500014,0.890263,2.409925,0.69792,0.16588,0.4181
1694787791304687,-9.506014,0.884263,2.391925,0.71292,0.11888,0.2681
1694787791312500,-9.513014,0.873263,2.402925,0.69992,0.8188,0.781
1694787791320312,-9.506014,0.868263,2.398925,0.69992,0.9588,0.7181
1694787791328125,-9.495014,0.868263,2.425925,0.70092,0.11288,0.781
1694787791335937,-9.473014,0.865263,2.416925,0.70392,0.9488,0.5819
1694787791343750,-9.455014,0.863263,2.420925,0.70492,0.9088,0.2081
1694787791351562,-9.430014,0.851263,2.432925,0.70292,0.12688,0.681
1694787791359375,-9.407014,0.847263,2.431925,0.70092,0.9888,0.5619
1694787791367187,-9.405014,0.849263,2.436925,0.70292,0.14388,0.4119
1694787791375000,-9.403014,0.846263,2.441925,0.70292,0.9488,0.919
1694787791382812,-9.432014,0.851263,2.441925,0.72192,0.7488,0.4419
1694787791390625,-9.432014,0.851263,2.436925,0.70792,0.15488,0.9219
1694787791398437,-9.439014,0.856263,2.436925,0.71892,0.12488,0.2181
1694787791406250,-9.439014,0.858263,2.443925,0.70392,0.15788,0.2619
1694787791414062,-9.430014,0.862263,2.456925,0.75292,0.9088,0.1219
1694787791421875,-9.430014,0.860263,2.439925,0.78692,0.8488,0.1681
1694787791429687,-9.441014,0.865263,2.452925,0.70192,0.6388,0.2519
1694787791437500,-9.455014,0.852263,2.452925,0.71892,0.9288,0.3681
1694787791445312,-9.454014,0.847263,2.463925,0.69992,0.8188,0.2481
1694787791453125,-9.457014,0.850263,2.447925,0.71492,0.8188,0.3981
1694787791460937,-9.465014,0.847263,2.438925,0.69892,0.10088,0.2581
1694787791468750,-9.466014,0.850263,2.454925,0.70492,0.7588,0.1119
1694787791476562,-9.465014,0.834263,2.441925,0.71892,0.1288,0.2181
1694787791484375,-9.463014,0.825263,2.449925,0.69992,0.8388,0.2319
1694787791492187,-9.458014,0.823263,2.438925,0.74392,0.2288,0.619
1694787791500000,-9.449014,0.823263,2.445925,0.69592,0.5488,0.2681
1694787791507812,-9.438014,0.816263,2.447925,0.79192,0.5388,0.719
1694787791515625,-9.429014,0.816263,2.441925,0.79692,0.6188,0.2081
1694787791523437,-9.432014,0.825263,2.452925,0.73392,0.11088,0.581
1694787791531250,-9.416014,0.840263,2.461925,0.85892,0.7888,0.2081
1694787791539062,-9.409014,0.849263,2.461925,0.79392,0.9888,0.3981
1694787791546875,-9.428014,0.856263,2.468925,0.81392,0.5988,0.1981
1694787791554687,-9.425014,0.865263,2.472925,0.85692,0.3288,0.581
1694787791562500,-9.432014,0.869263,2.470925,0.78192,0.4588,0.2719
1694787791570312,-9.439014,0.874263,2.467925,0.71392,0.6988,0.619
1694787791578125,-9.441014,0.862263,2.472925,0.71992,0.4388,0.481
1694787791585937,-9.448014,0.874263,2.458925,0.74592,0.6788,0.4081
1694787791593750,-9.446014,0.865263,2.463925,0.68792,0.5988,0.2181
1694787791601562,-9.464014,0.865263,2.472925,0.74992,0.4788,0.2519
1694787791609375,-9.468014,0.869263,2.463925,0.80092,0.712,0.2919
1694787791617187,-9.475014,0.863263,2.463925,0.83992,0.10088,0.819
1694787791625000,-9.472014,0.856263,2.459925,0.81392,0.8088,0.12219
1694787791632812,-9.461014,0.863263,2.456925,0.76192,0.6988,0.7119
1694787791640625,-9.470014,0.863263,2.456925,0.84392,0.9688,0.4219
1694787791648437,-9.455014,0.867263,2.452925,0.70492,0.7888,0.9019
1694787791656250,-9.461014,0.874263,2.454925,0.71892,0.11288,0.8919
1694787791664062,-9.446014,0.880263,2.461925,0.73592,0.6188,0.7419
1694787791671875,-9.444014,0.885263,2.450925,0.76992,0.4188,0.6119
1694787791679687,-9.444014,0.885263,2.454925,0.73392,0.3088,0.4119
1694787791687500,-9.439014,0.883263,2.456925,0.70292,0.6588,0.12019
1694787791695312,-9.450014,0.878263,2.447925,0.71592,0.11688,0.8719
1694787791703125,-9.453014,0.883263,2.458925,0.70192,0.4988,0.4019
1694787791710937,-9.452014,0.874263,2.461925,0.71392,0.13588,0.3719
1694787791718750,-9.443014,0.881263,2.449925,0.72792,0.10488,0.2119
1694787791726562,-9.446014,0.874263,2.454925,0.69792,0.5288,0.2581
1694787791734375,-9.444014,0.889263,2.461925,0.71892,0.4588,0.2181
1694787791742187,-9.426014,0.900263,2.452925,0.69992,0.6788,0.5519
1694787791750000,-9.408014,0.902263,2.445925,0.71292,0.12088,0.3719
1694787791757812,-9.406014,0.906263,2.441925,0.70292,0.3088,0.5719
1694787791765625,-9.410014,0.906263,2.441925,0.70292,0.8088,0.4119
1694787791773437,-9.422014,0.913263,2.434925,0.71692,0.6588,0.4019
1694787791781250,-9.437014,0.907263,2.450925,0.70292,0.3088,0.5719
1694787791789062,-9.437014,0.909263,2.441925,0.70492,0.2688,0.2719
1694787791796875,-9.437014,0.900263,2.436925,0.62992,0.688,0.4419
1694787791804687,-9.448014,0.905263,2.432925,0.60892,0.14588,0.10319
1694787791812500,-9.455014,0.894263,2.423925,0.63992,0.6388,0.5619
1694787791820312,-9.469014,0.892263,2.414925,0.59492,0.6188,0.8919
1694787791828125,-9.480014,0.881263,2.409925,0.59792,0.2488,0.7519
1694787791835937,-9.491014,0.888263,2.375925,0.62892,0.7488,0.9119
1694787791843750,-9.509014,0.890263,2.398925,0.70792,0.4188,0.9219
1694787791851562,-9.507014,0.897263,2.418925,0.72192,0.4388,0.10719
1694787791859375,-9.503014,0.912263,2.429925,0.70492,0.2888,0.7419
1694787791867187,-9.484014,0.912263,2.425925,0.65592,0.3212,0.10419
1694787791875000,-9.449014,0.914263,2.411925,0.71792,0.0,0.7219
1694787791882812,-9.442014,0.916263,2.393925,0.61192,0.612,0.4219
1694787791890625,-9.406014,0.908263,2.378925,0.62892,0.4188,0.5919
1694787791898437,-9.408014,0.902263,2.393925,0.67192,0.4588,0.681
1694787791906250,-9.412014,0.895263,2.391925,0.58892,0.8388,0.2681
1694787791914062,-9.412014,0.882263,2.391925,0.57592,0.12888,0.881
1694787791921875,-9.412014,0.878263,2.402925,0.62292,0.6788,0.8619
1694787791929687,-9.419014,0.882263,2.423925,0.53292,0.4788,0.16719
1694787791937500,-9.417014,0.896263,2.456925,0.53092,0.1688,0.13419
1694787791945312,-9.414014,0.891263,2.467925,0.46692,0.3488,0.14919
1694787791953125,-9.433014,0.905263,2.465925,0.62792,0.2988,0.15319
1694787791960937,-9.444014,0.891263,2.468925,0.64392,0.2212,0.10719
1694787791968750,-9.457014,0.896263,2.465925,0.64392,0.5512,0.5919
1694787791976562,-9.466014,0.885263,2.468925,0.68692,0.3212,0.5619
1694787791984375,-9.468014,0.881263,2.456925,0.70592,0.2212,0.2719
1694787791992187,-9.475014,0.883263,2.452925,0.57592,0.3212,0.2319
1694787792000000,-9.464014,0.892263,2.447925,0.58992,0.1212,0.3719
1694787792007812,-9.464014,0.894263,2.447925,0.60692,0.8212,0.2381
1694787792015625,-9.451014,0.894263,2.443925,0.67492,0.3812,0.5919
1694787792023437,-9.448014,0.885263,2.436925,0.66792,0.4512,0.3819
1694787792031250,-9.446014,0.883263,2.434925,0.66692,0.2812,0.2581
1694787792039062,-9.461014,0.874263,2.434925,0.56092,0.8412,0.5581
1694787792046875,-9.475014,0.863263,2.443925,0.65892,0.2412,0.3581
1694787792054687,-9.477014,0.865263,2.447925,0.65292,0.3012,0.881
1694787792062500,-9.484014,0.868263,2.445925,0.59192,0.4912,0.719
1694787792070312,-9.477014,0.877263,2.454925,0.63792,0.6312,0.2319
1694787792078125,-9.470014,0.861263,2.452925,0.70192,0.1488,0.2281
1694787792085937,-9.443014,0.869263,2.450925,0.67192,0.2888,0.581
1694787792093750,-9.439014,0.856263,2.440925,0.66892,0.11488,0.881
1694787792101562,-9.437014,0.860263,2.456925,0.67292,0.9288,0.581
1694787792109375,-9.437014,0.862263,2.488925,0.70492,0.9288,0.5919
1694787792117187,-9.427014,0.854263,2.476925,0.69792,0.6988,0.981
1694787792125000,-9.437014,0.862263,2.463925,0.65692,0.7588,0.2181
1694787792132812,-9.450014,0.869263,2.468925,0.66992,0.1488,0.5481
1694787792140625,-9.462014,0.876263,2.461925,0.62592,0.7388,0.3681
1694787792148437,-9.461014,0.876263,2.445925,0.63492,0.10288,0.2119
1694787792156250,-9.468014,0.872263,2.438925,0.65592,0.6388,0.5619
1694787792164062,-9.479014,0.863263,2.434925,0.65792,0.1088,0.581
1694787792171875,-9.500014,0.870263,2.411925,0.62492,0.1288,0.2281
1694787792179687,-9.502014,0.866263,2.398925,0.60992,0.9288,0.681
1694787792187500,-9.504014,0.859263,2.411925,0.60592,0.11688,0.6919
1694787792195312,-9.495014,0.861263,2.416925,0.70192,0.6388,0.681
1694787792203125,-9.482014,0.865263,2.418925,0.64292,0.888,0.2081
1694787792210937,-9.479014,0.856263,2.407925,0.70392,0.1288,0.4219
1694787792218750,-9.468014,0.847263,2.402925,0.72292,0.3988,0.1319
1694787792226562,-9.457014,0.840263,2.414925,0.65792,0.12288,0.2081
1694787792234375,-9.448014,0.838263,2.429925,0.72292,0.3988,0.2919
1694787792242187,-9.441014,0.840263,2.429925,0.68292,0.6788,0.981
1694787792250000,-9.425014,0.829263,2.438925,0.66892,0.9888,0.719
1694787792257812,-9.416014,0.829263,2.450925,0.67192,0.8088,0.8819
1694787792265625,-9.423014,0.845263,2.445925,0.70092,0.3012,0.3919
1694787792273437,-9.434014,0.849263,2.449925,0.71692,0.1612,0.819
1694787792281250,-9.439014,0.856263,2.447925,0.70192,0.6512,0.919
1694787792289062,-9.428014,0.862263,2.445925,0.70192,0.1488,0.919
1694787792296875,-9.436014,0.865263,2.440925,0.71492,0.8012,0.2381
1694787792304687,-9.446014,0.860263,2.432925,0.70192,0.13312,0.5381
1694787792312500,-9.443014,0.867263,2.404925,0.68592,0.1812,0.3881
1694787792320312,-9.439014,0.865263,2.391925,0.71892,0.8612,0.5281
1694787792328125,-9.441014,0.867263,2.396925,0.71892,0.3612,0.3781
1694787792335937,-9.446014,0.867263,2.389925,0.68792,0.11812,0.5281
1694787792343750,-9.459014,0.865263,2.384925,0.70192,0.10012,0.3781
1694787792351562,-9.484014,0.868263,2.386925,0.71092,0.2512,0.5981
1694787792359375,-9.488014,0.866263,2.377925,0.60792,0.4912,0.5619
1694787792367187,-9.500014,0.866263,2.389925,0.57992,0.6912,0.5719
1694787792375000,-9.504014,0.852263,2.404925,0.63892,0.1612,0.4019
1694787792382812,-9.506014,0.841263,2.391925,0.63692,0.4712,0.2481
1694787792390625,-9.503014,0.835263,2.397925,0.63392,0.10612,0.419
1694787792398437,-9.485014,0.832263,2.404925,0.66792,0.2812,0.5419
1694787792406250,-9.488014,0.828263,2.413925,0.67092,0.14912,0.2181
1694787792414062,-9.472014,0.832263,2.411925,0.66892,0.15912,0.5519
1694787792421875,-9.459014,0.834263,2.400925,0.71892,0.14712,0.5819
1694787792429687,-9.443014,0.849263,2.397925,0.69592,0.2412,0.2781
1694787792437500,-9.430014,0.847263,2.402925,0.71992,0.6712,0.7419
1694787792445312,-9.432014,0.852263,2.413925,0.69492,0.8812,0.1181
1694787792453125,-9.430014,0.851263,2.411925,0.75192,0.3612,0.5919
1694787792460937,-9.443014,0.863263,2.402925,0.74692,0.2812,0.8719
1694787792468750,-9.448014,0.858263,2.402925,0.70092,0.4912,0.3981
1694787792476562,-9.450014,0.858263,2.407925,0.71692,0.6512,0.681
1694787792484375,-9.457014,0.870263,2.415925,0.69592,0.8812,0.2019
1694787792492187,-9.468014,0.863263,2.407925,0.71792,0.9512,0.8819
1694787792500000,-9.466014,0.874263,2.411925,0.70292,0.19612,0.2619
1694787792507812,-9.466014,0.867263,2.400925,0.72192,0.12012,0.1219
1694787792515625,-9.468014,0.865263,2.400925,0.70492,0.14912,0.9019
1694787792523437,-9.468014,0.865263,2.395925,0.68492,0.12612,0.7119
1694787792531250,-9.459014,0.868263,2.379925,0.70992,0.15112,0.319
1694787792539062,-9.457014,0.858263,2.382925,0.69992,0.12712,0.2319
1694787792546875,-9.446014,0.867263,2.382925,0.71992,0.10212,0.1119
1694787792554687,-9.443014,0.865263,2.389925,0.59192,0.9812,0.819
1694787792562500,-9.461014,0.859263,2.395925,0.64992,0.7312,0.3619
1694787792570312,-9.468014,0.865263,2.407925,0.69792,0.5912,0.2219
1694787792578125,-9.475014,0.868263,2.404925,0.71492,0.5912,0.7019
1694787792585937,-9.491014,0.863263,2.418925,0.72192,0.5212,0.10719
1694787792593750,-9.488014,0.866263,2.407925,0.70092,0.11212,0.4019
1694787792601562,-9.488014,0.857263,2.395925,0.60492,0.11012,0.981
1694787792609375,-9.482014,0.868263,2.402925,0.67392,0.8512,0.5919
1694787792617187,-9.499014,0.861263,2.384925,0.66692,0.2812,0.619
1694787792625000,-9.488014,0.861263,2.393925,0.71492,0.1212,0.5519
1694787792632812,-9.484014,0.868263,2.398925,0.70492,0.5312,0.4319
1694787792640625,-9.480014,0.867263,2.378925,0.72492,0.4212,0.6219
1694787792648437,-9.475014,0.879263,2.366925,0.70392,0.5012,0.7419
1694787792656250,-9.468014,0.878263,2.380925,0.71992,0.3188,0.8919
1694787792664062,-9.461014,0.863263,2.371925,0.70392,0.3412,0.9019
1694787792671875,-9.457014,0.856263,2.373925,0.70092,0.3012,0.7219
1694787792679687,-9.456014,0.847263,2.386925,0.70292,0.1612,0.8819
1694787792687500,-9.454014,0.849263,2.402925,0.70092,0.1688,0.2419
1694787792695312,-9.461014,0.847263,2.402925,0.70192,0.212,0.919
1694787792703125,-9.452014,0.845263,2.396925,0.71992,0.15112,0.1119
1694787792710937,-9.452014,0.847263,2.384925,0.70492,0.6912,0.5919
1694787792718750,-9.454014,0.845263,2.380925,0.71392,0.10812,0.3819
1694787792726562,-9.445014,0.847263,2.380925,0.70292,0.10012,0.581
1694787792734375,-9.443014,0.845263,2.371925,0.74992,0.8312,0.581
1694787792742187,-9.445014,0.845263,2.377925,0.78092,0.8112,0.7419
1694787792750000,-9.448014,0.849263,2.355925,0.83092,0.2212,0.1319
1694787792757812,-9.443014,0.847263,2.357925,0.74892,0.9812,0.681
1694787792765625,-9.459014,0.847263,2.341925,0.69692,0.10812,0.2581
1694787792773437,-9.470014,0.850263,2.341925,0.71792,0.14512,0.8919
1694787792781250,-9.475014,0.845263,2.337925,0.70592,0.11812,0.7519
1694787792789062,-9.490014,0.848263,2.328925,0.71892,0.10012,0.581
1694787792796875,-9.504014,0.850263,2.328925,0.84892,0.5812,0.1519
1694787792804687,-9.515014,0.848263,2.330925,0.85892,0.10012,0.5181
1694787792812500,-9.517014,0.853263,2.344925,0.81192,0.6712,0.3681
1694787792820312,-9.524014,0.853263,2.359925,0.76392,0.4912,0.681
1694787792828125,-9.517014,0.853263,2.368925,0.78092,0.10012,0.2081
1694787792835937,-9.501014,0.853263,2.343925,0.83892,0.12412,0.819
1694787792843750,-9.485014,0.848263,2.334925,0.72492,0.5312,0.1281
1694787792851562,-9.481014,0.834263,2.332925,0.72892,0.7612,0.2581
1694787792859375,-9.474014,0.832263,2.321925,0.69692,0.7612,0.2581
1694787792867187,-9.463014,0.830263,2.319925,0.71792,0.14912,0.6981
1694787792875000,-9.447014,0.832263,2.301925,0.69992,0.14512,0.5581
1694787792882812,-9.447014,0.829263,2.317925,0.71592,0.19412,0.5481
1694787792890625,-9.456014,0.834263,2.317925,0.70492,0.10412,0.1981
1694787792898437,-9.461014,0.827263,2.312925,0.72292,0.16912,0.4519
1694787792906250,-9.472014,0.836263,2.321925,0.70192,0.16312,0.919
1694787792914062,-9.476014,0.841263,2.305925,0.71292,0.20712,0.5681
1694787792921875,-9.481014,0.841263,2.310925,0.70192,0.19812,0.6981
1694787792929687,-9.481014,0.841263,2.314925,0.71992,0.18612,0.6681
1694787792937500,-9.479014,0.845263,2.319925,0.72892,0.14112,0.2481
1694787792945312,-9.484014,0.854263,2.323925,0.70192,0.9812,0.919
1694787792953125,-9.477014,0.848263,2.321925,0.71392,0.11312,0.8781
1694787792960937,-9.481014,0.857263,2.323925,0.70092,0.12912,0.2419
1694787792968750,-9.495014,0.868263,2.321925,0.71892,0.11612,0.581
1694787792976562,-9.504014,0.866263,2.332925,0.73392,0.18012,0.4219
1694787792984375,-9.504014,0.864263,2.332925,0.70292,0.21212,0.4219
1694787792992187,-9.524014,0.859263,2.312925,0.72192,0.21912,0.281
1694787793000000,-9.502014,0.863263,2.308925,0.70292,0.19612,0.4219
1694787793007812,-9.502014,0.854263,2.299925,0.72192,0.21612,0.6019
1694787793015625,-9.502014,0.857263,2.285925,0.68992,0.16712,0.4319
1694787793023437,-9.502014,0.861263,2.287925,0.67392,0.16712,0.4319
1694787793031250,-9.502014,0.872263,2.283925,0.59292,0.21112,0.5619
1694787793039062,-9.509014,0.877263,2.276925,0.61192,0.20012,0.4319
1694787793046875,-9.495014,0.870263,2.280925,0.62092,0.14112,0.5319
1694787793054687,-9.491014,0.868263,2.285925,0.56592,0.18412,0.10619
1694787793062500,-9.495014,0.865263,2.292925,0.48992,0.17112,0.9119
1694787793070312,-9.484014,0.865263,2.292925,0.51892,0.20012,0.10619
1694787793078125,-9.477014,0.852263,2.289925,0.54392,0.14312,0.7019
1694787793085937,-9.470014,0.843263,2.308925,0.48792,0.18412,0.13719
1694787793093750,-9.481014,0.845263,2.305925,0.48692,0.10012,0.18419
1694787793101562,-9.479014,0.863263,2.314925,0.59392,0.14712,0.10419
1694787793109375,-9.493014,0.866263,2.319925,0.62492,0.9812,0.8819
1694787793117187,-9.491014,0.874263,2.308925,0.68792,0.9712,0.12119
1694787793125000,-9.493014,0.881263,2.314925,0.64192,0.11412,0.16919
1694787793132812,-9.486014,0.883263,2.301925,0.50192,0.10012,0.12019
1694787793140625,-9.489014,0.885263,2.287925,0.50192,0.10012,0.15219
1694787793148437,-9.482014,0.881263,2.283925,0.50192,0.18412,0.7319
1694787793156250,-9.482014,0.863263,2.276925,0.55092,0.13712,0.9119
1694787793164062,-9.497014,0.868263,2.287925,0.51692,0.18212,0.7319
1694787793171875,-9.504014,0.877263,2.281925,0.50492,0.18812,0.7519
1694787793179687,-9.520014,0.866263,2.265925,0.51392,0.16212,0.5419
1694787793187500,-9.515014,0.866263,2.271925,0.51192,0.11012,0.6919
1694787793195312,-9.520014,0.864263,2.272925,0.45292,0.13312,0.5519
1694787793203125,-9.520014,0.852263,2.267925,0.47092,0.20312,0.1019
1694787793210937,-9.517014,0.857263,2.269925,0.44992,0.14312,0.6919
1694787793218750,-9.519014,0.864263,2.285925,0.46492,0.17412,0.8419
1694787793226562,-9.511014,0.866263,2.287925,0.45492,0.16512,0.12019
1694787793234375,-9.513014,0.872263,2.285925,0.43992,0.19812,0.13619
1694787793242187,-9.513014,0.875263,2.267925,0.46992,0.14712,0.15119
1694787793250000,-9.499014,0.868263,2.285925,0.45192,0.19012,0.19619
1694787793257812,-9.486014,0.854263,2.265925,0.45492,0.14712,0.18319
1694787793265625,-9.464014,0.858263,2.263925,0.47392,0.20212,0.13819
1694787793273437,-9.443014,0.854263,2.267925,0.43992,0.14912,0.15219
1694787793281250,-9.443014,0.849263,2.260925,0.45292,0.14512,0.13419
1694787793289062,-9.447014,0.847263,2.240925,0.45392,0.18012,0.15119
1694787793296875,-9.445014,0.851263,2.227925,0.55092,0.16912,0.7519
1694787793304687,-9.464014,0.869263,2.213925,0.53292,0.19812,0.7319
1694787793312500,-9.484014,0.863263,2.213925,0.55992,0.17412,0.13319
1694787793320312,-9.504014,0.875263,2.213925,0.54592,0.20812,0.13419
1694787793328125,-9.520014,0.886263,2.213925,0.46792,0.14512,0.11819
1694787793335937,-9.538014,0.886263,2.217925,0.46892,0.12812,0.16619
1694787793343750,-9.544014,0.880263,2.217925,0.44992,0.10812,0.13119
1694787793351562,-9.552014,0.900263,2.200925,0.47092,0.18212,0.15219
1694787793359375,-9.556014,0.902263,2.209925,0.45592,0.10012,0.20019
1694787793367187,-9.561014,0.902263,2.213925,0.47192,0.6712,0.19919
1694787793375000,-9.558014,0.905263,2.229925,0.44792,0.10212,0.22519
1694787793382812,-9.547014,0.893263,2.224925,0.48392,0.6112,0.21319
1694787793390625,-9.536014,0.879263,2.224925,0.53392,0.9712,0.21519
1694787793398437,-9.540014,0.869263,2.236925,0.56292,0.4612,0.18219
1694787793406250,-9.529014,0.866263,2.226925,0.65292,0.4212,0.13319
1694787793414062,-9.515014,0.868263,2.226925,0.63992,0.9612,0.11919
1694787793421875,-9.502014,0.868263,2.231925,0.66792,0.4212,0.10119
1694787793429687,-9.509014,0.866263,2.222925,0.69092,0.312,0.13819
1694787793437500,-9.511014,0.861263,2.213925,0.76892,0.6912,0.12419
1694787793445312,-9.522014,0.873263,2.213925,0.76292,0.7712,0.7219
1694787793453125,-9.538014,0.871263,2.215925,0.73292,0.9612,0.5619
1694787793460937,-9.556014,0.882263,2.217925,0.90392,0.9112,0.10419
1694787793468750,-9.560014,0.880263,2.213925,0.94592,0.7112,0.2319
1694787793476562,-9.549014,0.880263,2.215925,0.90492,0.1888,0.7319
1694787793484375,-9.549014,0.875263,2.213925,0.94992,0.4412,0.4119
1694787793492187,-9.518014,0.879263,2.220925,0.95192,0.0,0.481
1694787793500000,-9.504014,0.893263,2.233925,0.96292,0.5788,0.2319
1694787793507812,-9.484014,0.894263,2.247925,0.90092,0.10488,0.3919
1694787793515625,-9.471014,0.910263,2.256925,0.94392,0.7888,0.3719
1694787793523437,-9.476014,0.918263,2.267925,0.86092,0.11188,0.7519
1694787793531250,-9.480014,0.932263,2.280925,0.80792,0.13788,0.8619
1694787793539062,-9.480014,0.941263,2.301925,0.79192,0.12088,0.5319
1694787793546875,-9.471014,0.936263,2.305925,0.77992,0.6388,0.1019
1694787793554687,-9.467014,0.936263,2.303925,0.84292,0.6588,0.4119
1694787793562500,-9.469014,0.932263,2.301925,0.79392,0.5188,0.2419
1694787793570312,-9.467014,0.929263,2.294925,0.74992,0.6388,0.4119
1694787793578125,-9.480014,0.919263,2.289925,0.85492,0.5588,0.5519
1694787793585937,-9.478014,0.925263,2.278925,0.80992,0.3288,0.2281
1694787793593750,-9.482014,0.925263,2.271925,0.86792,0.3888,0.5681
1694787793601562,-9.482014,0.919263,2.265925,0.90392,0.1612,0.5381
1694787793609375,-9.498014,0.921263,2.258925,0.84192,0.4912,0.3781
1694787793617187,-9.502014,0.919263,2.249925,0.76092,0.188,0.5581
1694787793625000,-9.505014,0.919263,2.251925,0.73292,0.4788,0.681
1694787793632812,-9.516014,0.922263,2.267925,0.71192,0.3888,0.1081
1694787793640625,-9.534014,0.919263,2.260925,0.73292,0.9688,0.2281
1694787793648437,-9.523014,0.928263,2.260925,0.69492,0.10488,0.5981
1694787793656250,-9.525014,0.924263,2.269925,0.70992,0.7388,0.4381
1694787793664062,-9.523014,0.906263,2.263925,0.71492,0.9888,0.4081
1694787793671875,-9.511014,0.901263,2.262925,0.69692,0.5588,0.519
1694787793679687,-9.496014,0.906263,2.272925,0.79592,0.6588,0.7319
1694787793687500,-9.493014,0.901263,2.278925,0.83292,0.11488,0.9719
1694787793695312,-9.500014,0.901263,2.276925,0.80492,0.8788,0.4181
1694787793703125,-9.480014,0.903263,2.280925,0.72592,0.10688,0.4381
1694787793710937,-9.466014,0.898263,2.267925,0.69892,0.8188,0.5681
1694787793718750,-9.484014,0.899263,2.254925,0.71492,0.11488,0.2481
1694787793726562,-9.464014,0.901263,2.274925,0.70192,0.6188,0.3781
1694787793734375,-9.477014,0.890263,2.269925,0.71792,0.11088,0.3881
1694787793742187,-9.477014,0.885263,2.272925,0.69892,0.5188,0.881
1694787793750000,-9.490014,0.877263,2.265925,0.71192,0.10488,0.2681
1694787793757812,-9.509014,0.863263,2.254925,0.71792,0.7788,0.5381
1694787793765625,-9.520014,0.868263,2.254925,0.76292,0.17888,0.3981
1694787793773437,-9.538014,0.866263,2.281925,0.75992,0.23188,0.5781
1694787793781250,-9.538014,0.866263,2.287925,0.77592,0.23188,0.4181
1694787793789062,-9.538014,0.862263,2.283925,0.74692,0.12888,0.5481
1694787793796875,-9.544014,0.864263,2.269925,0.72892,0.6788,0.5681
1694787793804687,-9.529014,0.868263,2.247925,0.69692,0.15188,0.4281
1694787793812500,-9.515014,0.866263,2.238925,0.71692,0.14388,0.5481
1694787793820312,-9.506014,0.870263,2.224925,0.71392,0.21288,0.4081
1694787793828125,-9.493014,0.865263,2.238925,0.70292,0.14188,0.2181
1694787793835937,-9.479014,0.863263,2.253925,0.70892,0.13888,0.6081
1694787793843750,-9.484014,0.856263,2.260925,0.72992,0.19688,0.4081
1694787793851562,-9.481014,0.852263,2.263925,0.69992,0.14588,0.5581
1694787793859375,-9.495014,0.850263,2.238925,0.71592,0.17788,0.5581
1694787793867187,-9.499014,0.848263,2.251925,0.71592,0.19488,0.3981
1694787793875000,-9.501014,0.850263,2.269925,0.69592,0.21988,0.3619
1694787793882812,-9.497014,0.857263,2.283925,0.71692,0.24188,0.5581
1694787793890625,-9.477014,0.857263,2.296925,0.72592,0.18688,0.4381
1694787793898437,-9.461014,0.859263,2.285925,0.72392,0.18788,0.7681
1694787793906250,-9.448014,0.860263,2.299925,0.71492,0.11488,0.2481
1694787793914062,-9.448014,0.867263,2.290925,0.69892,0.6788,0.2481
1694787793921875,-9.448014,0.872263,2.283925,0.71492,0.10088,0.881
1694787793929687,-9.455014,0.863263,2.287925,0.70292,0.2888,0.3781
1694787793937500,-9.454014,0.867263,2.278925,0.68192,0.5388,0.981
1694787793945312,-9.468014,0.867263,2.283925,0.67292,0.4588,0.5819
1694787793953125,-9.488014,0.865263,2.263925,0.62392,0.6388,0.819
1694787793960937,-9.493014,0.863263,2.251925,0.65592,0.1488,0.4119
1694787793968750,-9.508014,0.848263,2.240925,0.58592,0.4088,0.319
1694787793976562,-9.517014,0.844263,2.231925,0.67292,0.2888,0.2619
1694787793984375,-9.528014,0.846263,2.233925,0.68792,0.1288,0.581
1694787793992187,-9.519014,0.850263,2.249925,0.69992,0.8188,0.2481
1694787794000000,-9.524014,0.835263,2.249925,0.71892,0.1288,0.2181
1694787794007812,-9.515014,0.844263,2.242925,0.68192,0.5288,0.4281
1694787794015625,-9.506014,0.855263,2.229925,0.70192,0.6388,0.681
1694787794023437,-9.497014,0.863263,2.231925,0.71792,0.4788,0.681
1694787794031250,-9.479014,0.867263,2.249925,0.70192,0.212,0.3881
1694787794039062,-9.479014,0.872263,2.249925,0.71492,0.6788,0.719
1694787794046875,-9.482014,0.874263,2.256925,0.69992,0.10088,0.2219
1694787794054687,-9.486014,0.876263,2.276925,0.70292,0.9488,0.919
1694787794062500,-9.480014,0.881263,2.287925,0.71792,0.14588,0.5619
1694787794070312,-9.482014,0.881263,2.289925,0.69792,0.15388,0.10019
1694787794078125,-9.502014,0.868263,2.290925,0.69892,0.10288,0.3719
1694787794085937,-9.495014,0.868263,2.285925,0.63892,0.8488,0.10219
1694787794093750,-9.499014,0.868263,2.281925,0.66892,0.11688,0.5419
1694787794101562,-9.500014,0.872263,2.267925,0.63992,0.7988,0.2419
1694787794109375,-9.480014,0.874263,2.274925,0.65792,0.5988,0.2619
1694787794117187,-9.475014,0.894263,2.274925,0.66492,0.5488,0.1181
1694787794125000,-9.466014,0.905263,2.265925,0.71492,0.9888,0.4081
1694787794132812,-9.486014,0.899263,2.267925,0.68292,0.5088,0.4181
1694787794140625,-9.493014,0.899263,2.242925,0.66892,0.9588,0.5581
1694787794148437,-9.495014,0.892263,2.256925,0.58592,0.5688,0.319
1694787794156250,-9.504014,0.884263,2.260925,0.55692,0.7188,0.8319
1694787794164062,-9.500014,0.872263,2.247925,0.54392,0.9788,0.619
1694787794171875,-9.506014,0.866263,2.256925,0.55992,0.1888,0.7019
1694787794179687,-9.504014,0.866263,2.253925,0.57392,0.3688,0.5319
1694787794187500,-9.502014,0.866263,2.269925,0.49492,0.3688,0.2019
1694787794195312,-9.491014,0.890263,2.269925,0.51792,0.7588,0.7319
1694787794203125,-9.484014,0.899263,2.278925,0.57692,0.6388,0.719
1694787794210937,-9.473014,0.890263,2.287925,0.58892,0.6788,0.1081
1694787794218750,-9.486014,0.894263,2.265925,0.63992,0.4812,0.8819
1694787794226562,-9.475014,0.896263,2.274925,0.70192,0.1688,0.4019
1694787794234375,-9.466014,0.894263,2.267925,0.70292,0.9688,0.5719
1694787794242187,-9.475014,0.887263,2.267925,0.65692,0.6388,0.8819
1694787794250000,-9.490014,0.866263,2.276925,0.66692,0.10488,0.8419
1694787794257812,-9.482014,0.876263,2.272925,0.68492,0.8488,0.8719
1694787794265625,-9.497014,0.888263,2.276925,0.63492,0.12088,0.8419
1694787794273437,-9.486014,0.892263,2.283925,0.70092,0.10088,0.8719
1694787794281250,-9.489014,0.892263,2.281925,0.67192,0.4788,0.8919
1694787794289062,-9.475014,0.899263,2.265925,0.60692,0.288,0.8619
1694787794296875,-9.469014,0.903263,2.269925,0.60992,0.412,0.2519
1694787794304687,-9.468014,0.903263,2.272925,0.60492,0.388,0.2119
1694787794312500,-9.466014,0.894263,2.271925,0.60592,0.488,0.10119
1694787794320312,-9.477014,0.879263,2.263925,0.56292,0.6388,0.8719
1694787794328125,-9.484014,0.874263,2.258925,0.64292,0.4388,0.5819
1694787794335937,-9.495014,0.870263,2.249925,0.66092,0.4012,0.6019
1694787794343750,-9.504014,0.866263,2.247925,0.59392,0.112,0.7219
1694787794351562,-9.502014,0.863263,2.249925,0.54692,0.4488,0.4019
1694787794359375,-9.504014,0.859263,2.251925,0.63592,0.5088,0.981
1694787794367187,-9.506014,0.868263,2.240925,0.62492,0.6388,0.7219
1694787794375000,-9.502014,0.870263,2.253925,0.66792,0.6988,0.5319
1694787794382812,-9.502014,0.877263,2.272925,0.70392,0.7888,0.4219
1694787794390625,-9.502014,0.883263,2.272925,0.69492,0.6112,0.6319
1694787794398437,-9.502014,0.890263,2.283925,0.72392,0.5788,0.10819
1694787794406250,-9.504014,0.890263,2.296925,0.68992,0.2012,0.7419
1694787794414062,-9.487014,0.890263,2.308925,0.70592,0.5412,0.6019
1694787794421875,-9.469014,0.903263,2.308925,0.70392,0.3612,0.581
1694787794429687,-9.464014,0.894263,2.312925,0.64192,0.2012,0.7419
1694787794437500,-9.455014,0.900263,2.323925,0.70292,0.4812,0.7319
1694787794445312,-9.442014,0.900263,2.319925,0.59292,0.5112,0.819
1694787794453125,-9.450014,0.901263,2.317925,0.51192,0.2812,0.5219
1694787794460937,-9.453014,0.894263,2.305925,0.49892,0.9812,0.3919
1694787794468750,-9.448014,0.898263,2.290925,0.45292,0.11612,0.5519
1694787794476562,-9.466014,0.901263,2.287925,0.47092,0.10212,0.10419
1694787794484375,-9.475014,0.885263,2.278925,0.44992,0.9412,0.8419
1694787794492187,-9.493014,0.883263,2.281925,0.46592,0.11012,0.10119
1694787794500000,-9.502014,0.886263,2.271925,0.44992,0.7712,0.11619
1694787794507812,-9.509014,0.883263,2.276925,0.47092,0.5012,0.18319
1694787794515625,-9.518014,0.881263,2.283925,0.45592,0.2212,0.7319
1694787794523437,-9.525014,0.886263,2.290925,0.46892,0.212,0.7119
1694787794531250,-9.524014,0.891263,2.281925,0.40192,0.388,0.5119
1694787794539062,-9.518014,0.888263,2.290925,0.40292,0.2088,0.13119
1694787794546875,-9.522014,0.886263,2.289925,0.39992,0.2712,0.5019
1694787794554687,-9.522014,0.888263,2.287925,0.37692,0.2688,0.5519
1694787794562500,-9.520014,0.884263,2.303925,0.42492,0.2488,0.7319
1694787794570312,-9.520014,0.883263,2.308925,0.34892,0.3888,0.12119
1694787794578125,-9.513014,0.881263,2.317925,0.38992,0.6388,0.8519
1694787794585937,-9.505014,0.881263,2.328925,0.27092,0.3688,0.5719
1694787794593750,-9.502014,0.874263,2.328925,0.26592,0.6088,0.6919
1694787794601562,-9.502014,0.888263,2.312925,0.20392,0.4288,0.6919
1694787794609375,-9.503014,0.896263,2.285925,0.22192,0.5288,0.819
1694787794617187,-9.498014,0.905263,2.287925,0.21692,0.9388,0.419
1694787794625000,-9.505014,0.901263,2.269925,0.18492,0.14488,0.5019
1694787794632812,-9.509014,0.899263,2.254925,0.14392,0.8988,0.16619
1694787794640625,-9.525014,0.901263,2.251925,0.18692,0.7988,0.11519
1694787794648437,-9.547014,0.884263,2.256925,0.15692,0.15988,0.14719
1694787794656250,-9.574014,0.882263,2.269925,0.16992,0.13088,0.14619
1694787794664062,-9.571014,0.873263,2.274925,0.21692,0.14788,0.13019
1694787794671875,-9.569014,0.871263,2.287925,0.20392,0.20688,0.10019
1694787794679687,-9.562014,0.851263,2.299925,0.21292,0.19788,0.4819
1694787794687500,-9.535014,0.853263,2.323925,0.19892,0.19888,0.12819
1694787794695312,-9.513014,0.861263,2.305925,0.21992,0.14088,0.10119
1694787794703125,-9.504014,0.863263,2.290925,0.23392,0.17588,0.8419
1694787794710937,-9.477014,0.859263,2.287925,0.20092,0.20888,0.3519
1694787794718750,-9.452014,0.865263,2.290925,0.21592,0.21088,0.8219
1694787794726562,-9.443014,0.862263,2.288925,0.20392,0.17188,0.3719
1694787794734375,-9.437014,0.865263,2.303925,0.21692,0.22688,0.11419
1694787794742187,-9.423014,0.851263,2.314925,0.20192,0.17588,0.8319
1694787794750000,-9.437014,0.862263,2.306925,0.22092,0.12288,0.10219
1694787794757812,-9.432014,0.867263,2.299925,0.20692,0.8988,0.15019
1694787794765625,-9.437014,0.865263,2.317925,0.21792,0.7988,0.13119
1694787794773437,-9.448014,0.867263,2.317925,0.20292,0.4488,0.5219
1694787794781250,-9.457014,0.865263,2.317925,0.21492,0.6488,0.1819
1694787794789062,-9.464014,0.874263,2.308925,0.23592,0.4088,0.3919
1694787794796875,-9.471014,0.865263,2.312925,0.20592,0.5488,0.5519
1694787794804687,-9.482014,0.865263,2.324925,0.22192,0.10488,0.7119
1694787794812500,-9.484014,0.863263,2.326925,0.24792,0.9588,0.6719
1694787794820312,-9.486014,0.870263,2.326925,0.24592,0.9988,0.8119
1694787794828125,-9.482014,0.879263,2.337925,0.24892,0.7988,0.8419
1694787794835937,-9.497014,0.865263,2.312925,0.26792,0.9188,0.13419
1694787794843750,-9.502014,0.857263,2.317925,0.26992,0.13788,0.13519
1694787794851562,-9.504014,0.852263,2.323925,0.18392,0.6688,0.11319
1694787794859375,-9.504014,0.850263,2.314925,0.14092,0.4288,0.6919
1694787794867187,-9.510014,0.841263,2.308925,0.18692,0.7788,0.5219
1694787794875000,-9.513014,0.841263,2.308925,0.21592,0.14488,0.3519
1694787794882812,-9.519014,0.835263,2.317925,0.15392,0.22488,0.5019
1694787794890625,-9.517014,0.835263,2.321925,0.6092,0.15688,0.319
1694787794898437,-9.515014,0.837263,2.301925,0.13892,0.25588,0.319
1694787794906250,-9.503014,0.835263,2.287925,0.14992,0.18188,0.3219
1694787794914062,-9.510014,0.824263,2.285925,0.13892,0.12688,0.3519
1694787794921875,-9.533014,0.808263,2.292925,0.21992,0.18788,0.6919
1694787794929687,-9.541014,0.806263,2.308925,0.19892,0.19388,0.219
1694787794937500,-9.548014,0.806263,2.335925,0.21492,0.25988,0.1819
1694787794945312,-9.546014,0.804263,2.344925,0.19992,0.28988,0.219
1694787794953125,-9.544014,0.802263,2.346925,0.28092,0.31888,0.519
1694787794960937,-9.510014,0.801263,2.362925,0.30592,0.24688,0.1481
1694787794968750,-9.474014,0.808263,2.346925,0.35292,0.29488,0.4581
1694787794976562,-9.447014,0.803263,2.344925,0.41892,0.27388,0.1081
1694787794984375,-9.451014,0.794263,2.355925,0.45292,0.14088,0.719
1694787794992187,-9.444014,0.780263,2.335925,0.47092,0.20488,0.5619
1694787795000000,-9.449014,0.763263,2.323925,0.45092,0.12688,0.5781
1694787795007812,-9.446014,0.758263,2.326925,0.51292,0.7988,0.2581
1694787795015625,-9.453014,0.761263,2.321925,0.55892,0.17988,0.519
1694787795023437,-9.460014,0.781263,2.323925,0.46592,0.9588,0.4181
1694787795031250,-9.469014,0.781263,2.305925,0.48192,0.10988,0.8881
1694787795039062,-9.460014,0.785263,2.299925,0.50992,0.6688,0.7581
1694787795046875,-9.447014,0.780263,2.308925,0.56092,0.5688,0.16581
1694787795054687,-9.453014,0.774263,2.308925,0.70192,0.2688,0.14881
1694787795062500,-9.451014,0.774263,2.303925,0.68092,0.5088,0.12181
1694787795070312,-9.462014,0.763263,2.310925,0.69892,0.6388,0.11981
1694787795078125,-9.480014,0.772263,2.312925,0.68392,0.6388,0.10381
1694787795085937,-9.494014,0.777263,2.317925,0.69992,0.11088,0.11881
1694787795093750,-9.485014,0.781263,2.335925,0.71192,0.8388,0.13781
1694787795101562,-9.494014,0.799263,2.346925,0.69592,0.9988,0.13781
1694787795109375,-9.499014,0.810263,2.359925,0.71292,0.8388,0.8981
1694787795117187,-9.476014,0.814263,2.368925,0.66992,0.9388,0.5481
1694787795125000,-9.463014,0.812263,2.346925,0.67192,0.7588,0.3781
1694787795132812,-9.467014,0.814263,2.350925,0.71692,0.6512,0.681
1694787795140625,-9.465014,0.798263,2.341925,0.68992,0.2212,0.2719
1694787795148437,-9.473014,0.779263,2.321925,0.59092,0.4912,0.4081
1694787795156250,-9.473014,0.772263,2.328925,0.65292,0.3012,0.881
1694787795164062,-9.487014,0.757263,2.328925,0.71792,0.5112,0.581
1694787795171875,-9.500014,0.752263,2.314925,0.75092,0.1088,0.3681
1694787795179687,-9.500014,0.743263,2.305925,0.79892,0.9012,0.8181
1694787795187500,-9.500014,0.737263,2.303925,0.71492,0.1612,0.8781
1694787795195312,-9.502014,0.735263,2.312925,0.79692,0.412,0.3681
1694787795203125,-9.513014,0.744263,2.308925,0.82592,0.0,0.3881
1694787795210937,-9.504014,0.741263,2.312925,0.79192,0.10288,0.2319
1694787795218750,-9.488014,0.741263,2.321925,0.84192,0.1412,0.4119
1694787795226562,-9.477014,0.748263,2.323925,0.88692,0.7088,0.5619
1694787795234375,-9.480014,0.743263,2.321925,0.81592,0.2112,0.7719
1694787795242187,-9.473014,0.741263,2.334925,0.79092,0.10288,0.5781
1694787795250000,-9.455014,0.752263,2.339925,0.90292,0.5388,0.5619
1694787795257812,-9.451014,0.754263,2.332925,0.81292,0.5312,0.5181
1694787795265625,-9.455014,0.754263,2.346925,0.86092,0.5512,0.5081
1694787795273437,-9.444014,0.760263,2.346925,0.95192,0.1812,0.5181
1694787795281250,-9.442014,0.749263,2.339925,0.96892,0.14912,0.1881
1694787795289062,-9.451014,0.756263,2.335925,0.101692,0.8312,0.2919
1694787795296875,-9.444014,0.749263,2.321925,0.102992,0.12812,0.1219
1694787795304687,-9.451014,0.751263,2.310925,0.117792,0.12112,0.1819
1694787795312500,-9.464014,0.756263,2.308925,0.112592,0.16512,0.3281
1694787795320312,-9.473014,0.754263,2.299925,0.115992,0.18312,0.0
1694787795328125,-9.491014,0.761263,2.278925,0.111292,0.16912,0.4681
1694787795335937,-9.514014,0.766263,2.281925,0.110192,0.19112,0.419
1694787795343750,-9.528014,0.782263,2.276925,0.101992,0.17112,0.3081
1694787795351562,-9.539014,0.788263,2.261925,0.102192,0.18912,0.1381
1694787795359375,-9.535014,0.797263,2.265925,0.101992,0.17112,0.3081
1694787795367187,-9.535014,0.793263,2.258925,0.100592,0.14012,0.119
1694787795375000,-9.523014,0.797263,2.263925,0.94092,0.16512,0.12519
1694787795382812,-9.517014,0.819263,2.269925,0.93892,0.16312,0.6019
1694787795390625,-9.512014,0.815263,2.267925,0.97192,0.18112,0.11019
1694787795398437,-9.483014,0.832263,2.265925,0.92592,0.16712,0.11019
1694787795406250,-9.468014,0.827263,2.272925,0.97492,0.18312,0.15919
1694787795414062,-9.467014,0.832263,2.278925,0.84392,0.24512,0.2819
1694787795421875,-9.465014,0.829263,2.279925,0.75792,0.20312,0.17519
1694787795429687,-9.466014,0.832263,2.285925,0.80592,0.22212,0.12819
1694787795437500,-9.468014,0.830263,2.292925,0.77192,0.19912,0.20519
1694787795445312,-9.463014,0.836263,2.290925,0.70792,0.23012,0.18719
1694787795453125,-9.474014,0.832263,2.285925,0.72392,0.27912,0.20419
1694787795460937,-9.484014,0.825263,2.283925,0.71692,0.32412,0.22619
1694787795468750,-9.479014,0.814263,2.269925,0.70992,0.31412,0.20519
1694787795476562,-9.481014,0.805263,2.254925,0.72692,0.30012,0.22219
1694787795484375,-9.490014,0.817263,2.240925,0.67292,0.29012,0.20019
1694787795492187,-9.492014,0.821263,2.226925,0.64292,0.24312,0.23319
1694787795500000,-9.492014,0.825263,2.236925,0.69292,0.39412,0.20419
1694787795507812,-9.493014,0.843263,2.207925,0.65292,0.45312,0.20919
1694787795515625,-9.502014,0.846263,2.213925,0.50692,0.31612,0.18819
1694787795523437,-9.506014,0.852263,2.231925,0.53692,0.39612,0.17219
1694787795531250,-9.526014,0.853263,2.218925,0.48892,0.42512,0.23319
1694787795539062,-9.531014,0.855263,2.220925,0.45992,0.41012,0.29819
1694787795546875,-9.535014,0.859263,2.211925,0.45892,0.46012,0.20219
1694787795554687,-9.544014,0.849263,2.222925,0.45892,0.37612,0.31319
1694787795562500,-9.537014,0.853263,2.233925,0.47292,0.42112,0.34319
1694787795570312,-9.540014,0.853263,2.240925,0.46592,0.35312,0.33419
1694787795578125,-9.547014,0.860263,2.233925,0.47892,0.30012,0.34819
1694787795585937,-9.542014,0.871263,2.240925,0.46192,0.23212,0.36219
1694787795593750,-9.542014,0.871263,2.245925,0.57292,0.16812,0.38019
1694787795601562,-9.547014,0.891263,2.254925,0.51092,0.23612,0.33219
1694787795609375,-9.543014,0.890263,2.254925,0.52992,0.17412,0.39819
1694787795617187,-9.538014,0.884263,2.267925,0.50392,0.9512,0.37419
1694787795625000,-9.531014,0.888263,2.236925,0.53592,0.16012,0.37519
1694787795632812,-9.515014,0.881263,2.226925,0.50192,0.6012,0.32519
1694787795640625,-9.495014,0.868263,2.229925,0.46992,0.4412,0.34119
1694787795648437,-9.493014,0.866263,2.226925,0.48492,0.6012,0.29319
1694787795656250,-9.493014,0.875263,2.220925,0.45092,0.888,0.30619
1694787795664062,-9.504014,0.875263,2.204925,0.47092,0.6212,0.29419
1694787795671875,-9.508014,0.879263,2.190925,0.46392,0.1288,0.30419
1694787795679687,-9.511014,0.877263,2.206925,0.43692,0.7088,0.27519
1694787795687500,-9.525014,0.888263,2.204925,0.39492,0.4588,0.26319
1694787795695312,-9.518014,0.902263,2.220925,0.34292,0.6988,0.29019
1694787795703125,-9.525014,0.915263,2.229925,0.45692,0.1588,0.29519
1694787795710937,-9.523014,0.919263,2.211925,0.46792,0.6788,0.21219
1694787795718750,-9.514014,0.912263,2.222925,0.53392,0.1788,0.27919
1694787795726562,-9.522014,0.906263,2.222925,0.57992,0.1312,0.29519
1694787795734375,-9.516014,0.899263,2.220925,0.58392,0.1388,0.28119
1694787795742187,-9.520014,0.906263,2.211925,0.58592,0.6812,0.36219
1694787795750000,-9.538014,0.902263,2.193925,0.70492,0.2188,0.34319
1694787795757812,-9.541014,0.904263,2.189925,0.63392,0.8988,0.28419
1694787795765625,-9.547014,0.902263,2.175925,0.62892,0.14688,0.28019
1694787795773437,-9.559014,0.904263,2.193925,0.64692,0.9388,0.25019
1694787795781250,-9.547014,0.904263,2.202925,0.53692,0.10788,0.20219
1694787795789062,-9.540014,0.891263,2.197925,0.59492,0.6688,0.21519
1694787795796875,-9.534014,0.879263,2.200925,0.53692,0.20388,0.18619
1694787795804687,-9.524014,0.870263,2.206925,0.61192,0.22388,0.13719
1694787795812500,-9.515014,0.864263,2.213925,0.52892,0.26288,0.10019
1694787795820312,-9.518014,0.872263,2.209925,0.58092,0.27288,0.18419
1694787795828125,-9.520014,0.897263,2.220925,0.71692,0.24888,0.16619
1694787795835937,-9.514014,0.892263,2.233925,0.68992,0.20588,0.5919
1694787795843750,-9.507014,0.879263,2.215925,0.70392,0.7888,0.4219
1694787795851562,-9.516014,0.881263,2.204925,0.71992,0.11088,0.5819
1694787795859375,-9.511014,0.872263,2.209925,0.70292,0.9688,0.5719
1694787795867187,-9.502014,0.863263,2.215925,0.74792,0.13188,0.5619
1694787795875000,-9.500014,0.874263,2.209925,0.78292,0.15888,0.4319
1694787795882812,-9.480014,0.887263,2.193925,0.79892,0.9288,0.4419
1694787795890625,-9.480014,0.894263,2.191925,0.81492,0.9288,0.2819
1694787795898437,-9.485014,0.901263,2.193925,0.95892,0.5688,0.6419
1694787795906250,-9.487014,0.914263,2.191925,0.90992,0.10788,0.1419
1694787795914062,-9.496014,0.914263,2.206925,0.93592,0.8288,0.1019
1694787795921875,-9.516014,0.915263,2.211925,0.97392,0.4188,0.6319
1694787795929687,-9.543014,0.911263,2.195925,0.92292,0.9688,0.7519
1694787795937500,-9.554014,0.902263,2.195925,0.94992,0.8888,0.12019
1694787795945312,-9.563014,0.902263,2.184925,0.88992,0.13188,0.10619
1694787795953125,-9.538014,0.904263,2.195925,0.90492,0.11788,0.8919
1694787795960937,-9.511014,0.895263,2.211925,0.96792,0.18088,0.7419
1694787795968750,-9.502014,0.901263,2.200925,0.93892,0.12788,0.4419
1694787795976562,-9.503014,0.912263,2.202925,0.97992,0.3188,0.6819
1694787795984375,-9.496014,0.921263,2.213925,0.95792,0.3988,0.0
1694787795992187,-9.498014,0.914263,2.202925,0.97092,0.6288,0.6119
1694787796000000,-9.489014,0.919263,2.213925,0.95492,0.1288,0.2919
1694787796007812,-9.492014,0.919263,2.216925,0.102192,0.2388,0.4919
1694787796015625,-9.476014,0.923263,2.211925,0.103992,0.588,0.8219
1694787796023437,-9.465014,0.920263,2.209925,0.107392,0.2912,0.16419
1694787796031250,-9.465014,0.918263,2.209925,0.100392,0.6088,0.9419
1694787796039062,-9.469014,0.918263,2.216925,0.102192,0.3988,0.4819
1694787796046875,-9.485014,0.921263,2.213925,0.106392,0.3188,0.4519
1694787796054687,-9.478014,0.923263,2.234925,0.102292,0.788,0.9719
1694787796062500,-9.492014,0.930263,2.222925,0.99192,0.7288,0.12819
1694787796070312,-9.490014,0.934263,2.213925,0.99092,0.2588,0.14319
1694787796078125,-9.499014,0.939263,2.222925,0.95692,0.7688,0.7819
1694787796085937,-9.505014,0.937263,2.218925,0.96892,0.8288,0.7519
1694787796093750,-9.498014,0.936263,2.215925,0.95792,0.4388,0.11019
1694787796101562,-9.501014,0.939263,2.207925,0.97792,0.8788,0.14519
1694787796109375,-9.517014,0.934263,2.211925,0.96092,0.2388,0.12819
1694787796117187,-9.519014,0.937263,2.211925,0.97392,0.4188,0.9519
1694787796125000,-9.528014,0.941263,2.202925,0.95892,0.1188,0.14219
1694787796132812,-9.541014,0.937263,2.204925,0.97592,0.3988,0.9619
1694787796140625,-9.528014,0.928263,2.211925,0.95692,0.1912,0.10919
1694787796148437,-9.519014,0.930263,2.218925,0.97092,0.3612,0.4619
1694787796156250,-9.503014,0.930263,2.209925,0.90792,0.11388,0.10719
1694787796164062,-9.503014,0.921263,2.204925,0.93792,0.8088,0.7519
1694787796171875,-9.514014,0.926263,2.213925,0.97292,0.9388,0.9419
1694787796179687,-9.508014,0.937263,2.220925,0.95792,0.7488,0.9519
1694787796187500,-9.507014,0.937263,2.242925,0.97192,0.9288,0.6219
1694787796195312,-9.510014,0.948263,2.238925,0.95692,0.7688,0.11019
1694787796203125,-9.506014,0.952263,2.229925,0.97992,0.8188,0.8419
1694787796210937,-9.503014,0.950263,2.236925,0.102092,0.7488,0.9519
1694787796218750,-9.488014,0.963263,2.227925,0.97692,0.10388,0.9719
1694787796226562,-9.476014,0.970263,2.240925,0.96692,0.8288,0.1119
1694787796234375,-9.474014,0.972263,2.236925,0.94892,0.8488,0.5481
1694787796242187,-9.472014,0.972263,2.231925,0.97292,0.5888,0.3119
1694787796250000,-9.474014,0.972263,2.231925,0.95292,0.8088,0.481
1694787796257812,-9.494014,0.976263,2.245925,0.96892,0.9688,0.6019
1694787796265625,-9.494014,0.979263,2.251925,0.98092,0.10288,0.4119
1694787796273437,-9.497014,0.983263,2.251925,0.96592,0.6588,0.3681
1694787796281250,-9.506014,0.981263,2.267925,0.90592,0.7888,0.5181
1694787796289062,-9.503014,0.972263,2.269925,0.93592,0.6388,0.5281
1694787796296875,-9.504014,0.981263,2.265925,0.88092,0.5388,0.3219
1694787796304687,-9.499014,0.968263,2.254925,0.86092,0.7388,0.8281
1694787796312500,-9.506014,0.966263,2.265925,0.87292,0.0,0.3781
1694787796320312,-9.494014,0.959263,2.265925,0.82592,0.8288,0.919
1694787796328125,-9.501014,0.950263,2.267925,0.90692,0.3188,0.4319
1694787796335937,-9.505014,0.943263,2.256925,0.79592,0.11588,0.7319
1694787796343750,-9.508014,0.954263,2.256925,0.70292,0.8088,0.5719
1694787796351562,-9.503014,0.950263,2.272925,0.72292,0.10488,0.4519
1694787796359375,-9.503014,0.955263,2.274925,0.71392,0.15188,0.5319
1694787796367187,-9.503014,0.957263,2.274925,0.70392,0.12788,0.7319
1694787796375000,-9.503014,0.968263,2.272925,0.75092,0.7888,0.5819
1694787796382812,-9.506014,0.963263,2.267925,0.81392,0.9488,0.4319
1694787796390625,-9.499014,0.961263,2.269925,0.80892,0.8688,0.5519
1694787796398437,-9.488014,0.968263,2.278925,0.79492,0.13188,0.4019
1694787796406250,-9.490014,0.968263,2.281925,0.74392,0.18288,0.5781
1694787796414062,-9.478014,0.974263,2.274925,0.74292,0.17188,0.3619
1694787796421875,-9.481014,0.977263,2.274925,0.72792,0.18888,0.8319
1694787796429687,-9.477014,0.983263,2.276925,0.73192,0.18088,0.5519
1694787796437500,-9.483014,0.974263,2.299925,0.69692,0.16988,0.5219
1694787796445312,-9.476014,0.972263,2.296925,0.69792,0.13588,0.2119
1694787796453125,-9.467014,0.970263,2.312925,0.71292,0.13788,0.6819
1694787796460937,-9.467014,0.963263,2.312925,0.72992,0.8588,0.2219
1694787796468750,-9.467014,0.956263,2.303925,0.70992,0.10688,0.4481
1694787796476562,-9.474014,0.957263,2.289925,0.64792,0.10888,0.5019
1694787796484375,-9.469014,0.954263,2.287925,0.68292,0.3688,0.2219
1694787796492187,-9.463014,0.945263,2.279925,0.72192,0.2212,0.6019
1694787796500000,-9.469014,0.934263,2.258925,0.63892,0.4612,0.8719
1694787796507812,-9.473014,0.923263,2.249925,0.64092,0.0,0.15219
1694787796515625,-9.480014,0.917263,2.251925,0.69592,0.1088,0.8319
1694787796523437,-9.500014,0.924263,2.251925,0.71192,0.9088,0.3619
1694787796531250,-9.505014,0.923263,2.258925,0.71792,0.11588,0.10419
1694787796539062,-9.503014,0.921263,2.269925,0.68492,0.10088,0.7019
1694787796546875,-9.505014,0.932263,2.278925,0.65392,0.6588,0.2319
1694787796554687,-9.494014,0.939263,2.274925,0.63592,0.10088,0.2581
1694787796562500,-9.471014,0.950263,2.283925,0.69492,0.12488,0.8219
1694787796570312,-9.462014,0.938263,2.285925,0.56092,0.9888,0.8619
1694787796578125,-9.449014,0.940263,2.276925,0.62292,0.3288,0.3919
1694787796585937,-9.444014,0.920263,2.254925,0.56092,0.4988,0.5419
1694787796593750,-9.431014,0.916263,2.263925,0.71692,0.5188,0.8719
1694787796601562,-9.444014,0.907263,2.274925,0.67292,0.1488,0.12119
1694787796609375,-9.450014,0.901263,2.283925,0.63492,0.1088,0.17919
1694787796617187,-9.450014,0.901263,2.287925,0.68192,0.2412,0.8419
1694787796625000,-9.453014,0.910263,2.287925,0.65292,0.5712,0.16419
1694787796632812,-9.478014,0.916263,2.281925,0.63792,0.4412,0.8619
1694787796640625,-9.489014,0.926263,2.283925,0.57492,0.11012,0.3819
1694787796648437,-9.493014,0.926263,2.283925,0.50992,0.1012,0.5119
1694787796656250,-9.500014,0.928263,2.269925,0.56192,0.3088,0.3919
1694787796664062,-9.503014,0.939263,2.281925,0.70192,0.4812,0.5719
1694787796671875,-9.503014,0.937263,2.271925,0.71192,0.8812,0.3619
1694787796679687,-9.501014,0.946263,2.267925,0.71592,0.4712,0.781
1694787796687500,-9.500014,0.941263,2.269925,0.72892,0.4012,0.8519
1694787796695312,-9.500014,0.939263,2.265925,0.71492,0.5912,0.7019
1694787796703125,-9.505014,0.941263,2.260925,0.68592,0.288,0.11919
1694787796710937,-9.503014,0.944263,2.283925,0.69592,0.2688,0.8319
1694787796718750,-9.505014,0.946263,2.281925,0.74892,0.1888,0.10419
1694787796726562,-9.521014,0.953263,2.285925,0.70292,0.112,0.2519
1694787796734375,-9.535014,0.962263,2.287925,0.71992,0.2888,0.4219
1694787796742187,-9.528014,0.970263,2.285925,0.71792,0.1688,0.5619
1694787796750000,-9.517014,0.975263,2.287925,0.69592,0.7388,0.5219
1694787796757812,-9.519014,0.972263,2.294925,0.71992,0.8088,0.10519
1694787796765625,-9.505014,0.963263,2.278925,0.62292,0.6588,0.5519
1694787796773437,-9.501014,0.977263,2.258925,0.69992,0.5188,0.2319
1694787796781250,-9.487014,0.981263,2.249925,0.64792,0.10888,0.3419
1694787796789062,-9.468014,0.974263,2.270925,0.68992,0.12588,0.9019
1694787796796875,-9.456014,0.963263,2.303925,0.67092,0.6388,0.4019
1694787796804687,-9.452014,0.958263,2.297925,0.70892,0.10588,0.10919
1694787796812500,-9.456014,0.958263,2.290925,0.70392,0.4388,0.481
1694787796820312,-9.476014,0.965263,2.283925,0.72092,0.512,0.4319
1694787796828125,-9.486014,0.972263,2.279925,0.73592,0.4388,0.2081
1694787796835937,-9.488014,0.974263,2.265925,0.75092,0.5988,0.2081
1694787796843750,-9.492014,0.981263,2.263925,0.74992,0.1488,0.4219
1694787796851562,-9.488014,0.988263,2.263925,0.70092,0.8188,0.819
1694787796859375,-9.474014,0.981263,2.256925,0.71292,0.13288,0.5781
1694787796867187,-9.477014,0.987263,2.258925,0.84492,0.9288,0.3581
1694787796875000,-9.472014,0.972263,2.251925,0.80292,0.9188,0.5981
1694787796882812,-9.467014,0.961263,2.249925,0.71592,0.11488,0.881
1694787796890625,-9.467014,0.947263,2.240925,0.72692,0.7388,0.1181
1694787796898437,-9.478014,0.945263,2.238925,0.89892,0.12088,0.5781
1694787796906250,-9.489014,0.936263,2.229925,0.85692,0.3288,0.3781
1694787796914062,-9.483014,0.943263,2.220925,0.77892,0.1688,0.2281
1694787796921875,-9.485014,0.943263,2.217925,0.93292,0.6112,0.5481
1694787796929687,-9.480014,0.954263,2.226925,0.90092,0.2088,0.7181
1694787796937500,-9.476014,0.950263,2.247925,0.93192,0.3688,0.8781
1694787796945312,-9.465014,0.969263,2.249925,0.90392,0.1488,0.8481
1694787796953125,-9.470014,0.972263,2.256925,0.80692,0.388,0.4081
1694787796960937,-9.468014,0.981263,2.256925,0.79492,0.6712,0.6881
1694787796968750,-9.468014,0.989263,2.260925,0.76092,0.1412,0.5581
1694787796976562,-9.470014,0.998263,2.260925,0.79292,0.1412,0.5581
1694787796984375,-9.463014,0.994263,2.258925,0.75892,0.3488,0.13681
1694787796992187,-9.463014,0.996263,2.269925,0.69792,0.1412,0.7281
1694787797000000,-9.454014,0.994263,2.281925,0.74792,0.212,0.8681
1694787797007812,-9.463014,0.991263,2.288925,0.70192,0.3912,0.13281
1694787797015625,-9.465014,0.978263,2.285925,0.71392,0.8212,0.15081
1694787797023437,-9.458014,0.972263,2.287925,0.69892,0.13112,0.13481
1694787797031250,-9.470014,0.974263,2.283925,0.71492,0.14712,0.11881
1694787797039062,-9.465014,0.972263,2.285925,0.69892,0.19512,0.11981
1694787797046875,-9.485014,0.970263,2.287925,0.62192,0.4912,0.3981
1694787797054687,-9.485014,0.961263,2.278925,0.62392,0.13512,0.10181
1694787797062500,-9.496014,0.952263,2.276925,0.58992,0.4912,0.7281
1694787797070312,-9.503014,0.934263,2.254925,0.62492,0.10212,0.3781
1694787797078125,-9.505014,0.928263,2.249925,0.46392,0.14612,0.9081
1694787797085937,-9.507014,0.926263,2.265925,0.49492,0.9612,0.5881
1694787797093750,-9.505014,0.919263,2.285925,0.44992,0.18012,0.5681
1694787797101562,-9.507014,0.908263,2.267925,0.46492,0.14812,0.8981
1694787797109375,-9.498014,0.899263,2.269925,0.48292,0.16612,0.3981
1694787797117187,-9.497014,0.892263,2.260925,0.47592,0.15812,0.12381
1694787797125000,-9.486014,0.890263,2.242925,0.58792,0.16012,0.7381
1694787797132812,-9.477014,0.888263,2.245925,0.55892,0.16212,0.5681
1694787797140625,-9.484014,0.894263,2.251925,0.57392,0.16212,0.8881
1694787797148437,-9.485014,0.912263,2.247925,0.68792,0.21712,0.6881
1694787797156250,-9.509014,0.933263,2.249925,0.64992,0.20712,0.7381
1694787797164062,-9.523014,0.948263,2.254925,0.62092,0.21312,0.15181
1694787797171875,-9.534014,0.948263,2.269925,0.52592,0.9612,0.8981
1694787797179687,-9.534014,0.944263,2.258925,0.54392,0.13112,0.7281
1694787797187500,-9.512014,0.957263,2.249925,0.47792,0.7812,0.9181
1694787797195312,-9.503014,0.968263,2.272925,0.45292,0.5512,0.5481
1694787797203125,-9.494014,0.965263,2.285925,0.43792,0.612,0.3981
1694787797210937,-9.474014,0.952263,2.269925,0.41792,0.6612,0.5881
1694787797218750,-9.478014,0.927263,2.242925,0.33992,0.14612,0.1181
1694787797226562,-9.498014,0.905263,2.233925,0.24892,0.7012,0.2681
1694787797234375,-9.509014,0.881263,2.227925,0.20192,0.18712,0.10481
1694787797242187,-9.529014,0.862263,2.215925,0.21192,0.8112,0.10981
1694787797250000,-9.551014,0.844263,2.211925,0.20192,0.7212,0.7381
1694787797257812,-9.546014,0.824263,2.204925,0.21592,0.5212,0.4381
1694787797265625,-9.542014,0.835263,2.191925,0.20192,0.3712,0.519
1694787797273437,-9.537014,0.831263,2.191925,0.23092,0.11188,0.319
1694787797281250,-9.539014,0.835263,2.181925,0.41992,0.1612,0.5319
1694787797289062,-9.524014,0.828263,2.181925,0.38792,0.1888,0.8419
1694787797296875,-9.524014,0.833263,2.202925,0.40592,0.5112,0.8619
1694787797304687,-9.522014,0.833263,2.204925,0.45392,0.412,0.5519
1694787797312500,-9.517014,0.830263,2.202925,0.43692,0.9888,0.13319
1694787797320312,-9.505014,0.830263,2.213925,0.38292,0.2688,0.12819
1694787797328125,-9.492014,0.846263,2.217925,0.44992,0.8388,0.10019
1694787797335937,-9.501014,0.837263,2.224925,0.47092,0.9288,0.8819
1694787797343750,-9.504014,0.850263,2.222925,0.40292,0.8388,0.6719
1694787797351562,-9.506014,0.850263,2.218925,0.45092,0.9888,0.8519
1694787797359375,-9.515014,0.857263,2.227925,0.45392,0.7788,0.8719
1694787797367187,-9.520014,0.866263,2.215925,0.46792,0.1188,0.881
1694787797375000,-9.522014,0.861263,2.220925,0.51492,0.2688,0.5481
1694787797382812,-9.517014,0.852263,2.213925,0.62392,0.2012,0.5481
1694787797390625,-9.508014,0.848263,2.204925,0.53192,0.988,0.681
1694787797398437,-9.502014,0.854263,2.186925,0.52192,0.288,0.2919
1694787797406250,-9.495014,0.861263,2.191925,0.54492,0.11088,0.7281
1694787797414062,-9.481014,0.856263,2.204925,0.52892,0.8188,0.5419
1694787797421875,-9.486014,0.856263,2.202925,0.65792,0.9288,0.2619
1694787797429687,-9.495014,0.848263,2.209925,0.61292,0.5788,0.4319
1694787797437500,-9.513014,0.848263,2.193925,0.60892,0.7788,0.781
1694787797445312,-9.524014,0.855263,2.209925,0.71892,0.11088,0.2619
1694787797453125,-9.520014,0.868263,2.215925,0.70192,0.9188,0.10181
1694787797460937,-9.533014,0.866263,2.224925,0.71592,0.8188,0.781
1694787797468750,-9.524014,0.877263,2.229925,0.69992,0.13088,0.881
1694787797476562,-9.525014,0.881263,2.222925,0.76692,0.7388,0.5181
1694787797484375,-9.506014,0.857263,2.204925,0.70292,0.1288,0.3781
1694787797492187,-9.501014,0.834263,2.191925,0.75192,0.7388,0.1981
1694787797500000,-9.510014,0.830263,2.175925,0.78192,0.7588,0.3681
1694787797507812,-9.508014,0.814263,2.157925,0.79592,0.10888,0.13281
1694787797515625,-9.508014,0.799263,2.146925,0.93792,0.7588,0.8281
1694787797523437,-9.512014,0.806263,2.164925,0.96892,0.12788,0.3581
1694787797531250,-9.519014,0.815263,2.191925,0.95492,0.12388,0.4981
1694787797539062,-9.524014,0.826263,2.202925,0.95292,0.7888,0.6781
1694787797546875,-9.515014,0.837263,2.215925,0.96492,0.6588,0.10181
1694787797554687,-9.519014,0.846263,2.213925,0.95192,0.4588,0.9981
1694787797562500,-9.517014,0.853263,2.213925,0.96792,0.6388,0.3581
1694787797570312,-9.506014,0.875263,2.215925,0.98392,0.112,0.3581
1694787797578125,-9.497014,0.872263,2.220925,0.101492,0.1288,0.9881
1694787797585937,-9.489014,0.885263,2.233925,0.99792,0.2888,0.14681
1694787797593750,-9.477014,0.887263,2.236925,0.101392,0.4788,0.8381
1694787797601562,-9.449014,0.898263,2.240925,0.103392,0.4012,0.7981
1694787797609375,-9.444014,0.893263,2.222925,0.98892,0.7512,0.6281
1694787797617187,-9.444014,0.902263,2.224925,0.94992,0.0,0.10081
1694787797625000,-9.466014,0.896263,2.227925,0.96892,0.612,0.12981
1694787797632812,-9.484014,0.901263,2.215925,0.95092,0.1812,0.11581
1694787797640625,-9.507014,0.899263,2.206925,0.96192,0.1012,0.8781
1694787797648437,-9.539014,0.910263,2.211925,0.95492,0.512,0.4981
1694787797656250,-9.539014,0.926263,2.211925,0.97092,0.2212,0.3381
1694787797664062,-9.559014,0.924263,2.195925,0.92292,0.512,0.4981
1694787797671875,-9.548014,0.922263,2.191925,0.84492,0.512,0.3481
1694787797679687,-9.543014,0.908263,2.188925,0.85692,0.6512,0.5381
1694787797687500,-9.522014,0.902263,2.190925,0.80892,0.288,0.781
1694787797695312,-9.514014,0.903263,2.191925,0.82992,0.312,0.6019
1694787797703125,-9.502014,0.888263,2.206925,0.82992,0.1912,0.6019
1694787797710937,-9.504014,0.886263,2.215925,0.68992,0.2688,0.2719
1694787797718750,-9.507014,0.879263,2.229925,0.73392,0.6188,0.2181
1694787797726562,-9.502014,0.874263,2.236925,0.73292,0.6388,0.919
1694787797734375,-9.504014,0.886263,2.231925,0.71692,0.4988,0.2419
1694787797742187,-9.507014,0.895263,2.258925,0.74992,0.3412,0.2619
1694787797750000,-9.500014,0.897263,2.238925,0.73592,0.5312,0.1119
1694787797757812,-9.500014,0.892263,2.233925,0.70292,0.3612,0.2181
1694787797765625,-9.500014,0.908263,2.229925,0.72392,0.7512,0.181
1694787797773437,-9.502014,0.890263,2.213925,0.70892,0.6112,0.1681
1694787797781250,-9.502014,0.888263,2.215925,0.72092,0.17012,0.5181
1694787797789062,-9.505014,0.901263,2.211925,0.70492,0.8512,0.2719
1694787797796875,-9.518014,0.892263,2.204925,0.71992,0.10212,0.2719
1694787797804687,-9.523014,0.892263,2.202925,0.70692,0.12212,0.281
1694787797812500,-9.520014,0.890263,2.195925,0.70692,0.2412,0.1219
1694787797820312,-9.516014,0.892263,2.191925,0.71992,0.5012,0.9019
1694787797828125,-9.523014,0.886263,2.211925,0.70992,0.912,0.10919
1694787797835937,-9.520014,0.884263,2.209925,0.64092,0.4812,0.12019
1694787797843750,-9.511014,0.883263,2.213925,0.61492,0.4212,0.7719
1694787797851562,-9.500014,0.888263,2.225925,0.58392,0.2088,0.4519
1694787797859375,-9.504014,0.890263,2.218925,0.52892,0.3288,0.5419
1694787797867187,-9.507014,0.897263,2.220925,0.45492,0.1088,0.4019
1694787797875000,-9.502014,0.906263,2.229925,0.46392,0.388,0.5219
1694787797882812,-9.502014,0.899263,2.222925,0.45392,0.2012,0.4019
1694787797890625,-9.509014,0.903263,2.215925,0.45692,0.4112,0.5819
1694787797898437,-9.516014,0.903263,2.191925,0.47592,0.1412,0.4519
1694787797906250,-9.520014,0.901263,2.202925,0.48792,0.4112,0.4219
1694787797914062,-9.513014,0.901263,2.204925,0.63992,0.3212,0.5619
1694787797921875,-9.516014,0.892263,2.193925,0.53492,0.4012,0.5919
1694787797929687,-9.520014,0.884263,2.204925,0.57792,0.3412,0.4019
1694787797937500,-9.534014,0.886263,2.202925,0.62792,0.10412,0.5919
1694787797945312,-9.531014,0.881263,2.215925,0.62792,0.15312,0.4319
1694787797953125,-9.531014,0.877263,2.202925,0.63092,0.14112,0.6119
1694787797960937,-9.518014,0.877263,2.193925,0.63392,0.11212,0.7919
1694787797968750,-9.515014,0.870263,2.195925,0.64592,0.8912,0.9219
1694787797976562,-9.507014,0.881263,2.182925,0.54892,0.3612,0.10519
1694787797984375,-9.511014,0.883263,2.182925,0.56892,0.6112,0.4519
1694787797992187,-9.504014,0.881263,2.204925,0.62492,0.9688,0.8819
1694787798000000,-9.516014,0.881263,2.211925,0.69492,0.3788,0.11019
1694787798007812,-9.502014,0.877263,2.211925,0.70692,0.4388,0.12319
1694787798015625,-9.504014,0.863263,2.206925,0.72092,0.1712,0.13819
1694787798023437,-9.495014,0.863263,2.197925,0.70992,0.688,0.10919
1694787798031250,-9.488014,0.861263,2.193925,0.72092,0.7888,0.10619
1694787798039062,-9.502014,0.870263,2.191925,0.70892,0.5588,0.9319
1694787798046875,-9.504014,0.870263,2.182925,0.75092,0.1288,0.2719
1694787798054687,-9.507014,0.874263,2.188925,0.73792,0.4188,0.2819
1694787798062500,-9.516014,0.888263,2.186925,0.78392,0.9288,0.4319
1694787798070312,-9.522014,0.888263,2.184925,0.82492,0.8488,0.819
1694787798078125,-9.524014,0.884263,2.202925,0.79492,0.6588,0.919
1694787798085937,-9.520014,0.890263,2.206925,0.79692,0.11088,0.581
1694787798093750,-9.504014,0.883263,2.209925,0.84392,0.7588,0.5181
1694787798101562,-9.507014,0.894263,2.213925,0.95492,0.7688,0.3481
1694787798109375,-9.505014,0.890263,2.216925,0.90992,0.7288,0.3281
1694787798117187,-9.503014,0.901263,2.207925,0.86492,0.6788,0.6381
1694787798125000,-9.492014,0.921263,2.195925,0.89392,0.5588,0.8081
1694787798132812,-9.489014,0.918263,2.211925,0.97292,0.688,0.4781
1694787798140625,-9.487014,0.921263,2.215925,0.95492,0.1088,0.3381
1694787798148437,-9.478014,0.920263,2.204925,0.94392,0.1312,0.7781
1694787798156250,-9.478014,0.914263,2.195925,0.85592,0.1612,0.10181
1694787798164062,-9.478014,0.903263,2.211925,0.87392,0.9488,0.6881
1694787798171875,-9.482014,0.903263,2.191925,0.76492,0.7788,0.5381
1694787798179687,-9.487014,0.903263,2.182925,0.78192,0.7588,0.2081
1694787798187500,-9.498014,0.905263,2.186925,0.82792,0.7788,0.2081
1694787798195312,-9.509014,0.903263,2.186925,0.75092,0.9288,0.2081
1694787798203125,-9.519014,0.926263,2.206925,0.73692,0.7388,0.381
1694787798210937,-9.523014,0.926263,2.213925,0.71792,0.9488,0.581
1694787798218750,-9.528014,0.930263,2.211925,0.70592,0.7388,0.1219
1694787798226562,-9.539014,0.926263,2.200925,0.70292,0.7588,0.5381
1694787798234375,-9.539014,0.928263,2.206925,0.66992,0.7788,0.7081
1694787798242187,-9.555014,0.933263,2.207925,0.72292,0.11888,0.5081
1694787798250000,-9.552014,0.922263,2.191925,0.63592,0.13088,0.8981
1694787798257812,-9.541014,0.913263,2.184925,0.71892,0.10688,0.11681
1694787798265625,-9.536014,0.917263,2.182925,0.66992,0.15788,0.11881
1694787798273437,-9.514014,0.901263,2.188925,0.67092,0.13888,0.14981
1694787798281250,-9.505014,0.903263,2.197925,0.68392,0.12688,0.16681
1694787798289062,-9.502014,0.896263,2.207925,0.71892,0.10388,0.17981
1694787798296875,-9.502014,0.874263,2.258925,0.70092,0.7288,0.22881
1694787798304687,-9.490014,0.863263,2.260925,0.74392,0.9788,0.16781
1694787798312500,-9.504014,0.850263,2.260925,0.68292,0.5888,0.26181
1694787798320312,-9.531014,0.848263,2.254925,0.54792,0.6688,0.24381
1694787798328125,-9.549014,0.848263,2.233925,0.46492,0.9188,0.20081
1694787798335937,-9.574014,0.851263,2.247925,0.43292,0.12588,0.16981
1694787798343750,-9.573014,0.847263,2.260925,0.36792,0.9488,0.23581
1694787798351562,-9.585014,0.840263,2.236925,0.44592,0.9488,0.21881
1694787798359375,-9.596014,0.834263,2.233925,0.46192,0.19388,0.18681
1694787798367187,-9.591014,0.814263,2.229925,0.49892,0.20188,0.18281
1694787798375000,-9.584014,0.800263,2.249925,0.57492,0.25588,0.11981
1694787798382812,-9.561014,0.780263,2.249925,0.60692,0.27188,0.8781
1694787798390625,-9.534014,0.755263,2.251925,0.57392,0.30688,0.12181
1694787798398437,-9.504014,0.744263,2.231925,0.57092,0.26188,0.12381
1694787798406250,-9.480014,0.730263,2.213925,0.65492,0.22288,0.8681
1694787798414062,-9.443014,0.723263,2.213925,0.60592,0.20888,0.12081
1694787798421875,-9.425014,0.727263,2.220925,0.54092,0.22888,0.7581
1694787798429687,-9.426014,0.727263,2.224925,0.63992,0.15788,0.5481
1694787798437500,-9.430014,0.733263,2.229925,0.70492,0.10688,0.481
1694787798445312,-9.442014,0.747263,2.236925,0.70492,0.9488,0.9019
1694787798453125,-9.469014,0.761263,2.256925,0.67592,0.9088,0.9119
1694787798460937,-9.485014,0.759263,2.261925,0.72492,0.7088,0.6219
1694787798468750,-9.498014,0.761263,2.254925,0.70492,0.9488,0.10619
1694787798476562,-9.509014,0.755263,2.254925,0.72092,0.10888,0.7519
1694787798484375,-9.500014,0.750263,2.258925,0.70792,0.9088,0.10819
1694787798492187,-9.500014,0.741263,2.263925,0.71592,0.9888,0.819
1694787798500000,-9.493014,0.750263,2.258925,0.71892,0.6388,0.7319
1694787798507812,-9.487014,0.759263,2.256925,0.70692,0.9088,0.9219
1694787798515625,-9.484014,0.759263,2.249925,0.71792,0.7988,0.919
1694787798523437,-9.473014,0.767263,2.260925,0.76892,0.9288,0.12319
1694787798531250,-9.462014,0.776263,2.260925,0.82792,0.6388,0.4219
1694787798539062,-9.467014,0.776263,2.251925,0.81392,0.4388,0.381
1694787798546875,-9.467014,0.778263,2.251925,0.78292,0.7112,0.1981
1694787798554687,-9.474014,0.781263,2.245925,0.79992,0.688,0.6581
1694787798562500,-9.485014,0.792263,2.238925,0.74692,0.13112,0.8681
1694787798570312,-9.485014,0.796263,2.222925,0.73692,0.10612,0.3481
1694787798578125,-9.499014,0.797263,2.222925,0.70592,0.5912,0.6681
1694787798585937,-9.517014,0.795263,2.233925,0.72092,0.12212,0.6681
1694787798593750,-9.526014,0.804263,2.231925,0.73692,0.888,0.381
1694787798601562,-9.541014,0.802263,2.236925,0.70592,0.7112,0.4419
1694787798609375,-9.535014,0.795263,2.227925,0.78492,0.12012,0.2919
1694787798617187,-9.528014,0.813263,2.222925,0.73292,0.5112,0.3781
1694787798625000,-9.516014,0.788263,2.235925,0.71392,0.6112,0.881
1694787798632812,-9.501014,0.803263,2.254925,0.78492,0.3812,0.7619
1694787798640625,-9.503014,0.824263,2.274925,0.71692,0.3288,0.819
1694787798648437,-9.501014,0.828263,2.285925,0.71892,0.1288,0.1019
1694787798656250,-9.506014,0.835263,2.274925,0.70392,0.1288,0.2619
1694787798664062,-9.513014,0.850263,2.270925,0.70592,0.4188,0.2819
1694787798671875,-9.510014,0.850263,2.267925,0.69892,0.3012,0.4081
1694787798679687,-9.526014,0.848263,2.247925,0.70192,0.0,0.2419
1694787798687500,-9.517014,0.843263,2.222925,0.72292,0.2288,0.1319
1694787798695312,-9.520014,0.859263,2.200925,0.70792,0.2812,0.4981
1694787798703125,-9.504014,0.859263,2.202925,0.72392,0.3788,0.181
1694787798710937,-9.500014,0.856263,2.216925,0.69192,0.688,0.1319
1694787798718750,-9.500014,0.863263,2.213925,0.65892,0.5788,0.481
1694787798726562,-9.513014,0.866263,2.215925,0.67292,0.2212,0.3681
1694787798734375,-9.538014,0.855263,2.211925,0.64192,0.5312,0.5819
1694787798742187,-9.553014,0.851263,2.204925,0.65992,0.2288,0.1219
1694787798750000,-9.571014,0.851263,2.213925,0.69992,0.1888,0.2319
1694787798757812,-9.576014,0.847263,2.229925,0.70092,0.4712,0.2419
1694787798765625,-9.591014,0.843263,2.236925,0.68592,0.6588,0.7219
1694787798773437,-9.564014,0.836263,2.233925,0.71892,0.3388,0.10419
1694787798781250,-9.558014,0.851263,2.233925,0.72092,0.7888,0.12219
1694787798789062,-9.524014,0.857263,2.229925,0.67192,0.15988,0.2519
1694787798796875,-9.513014,0.866263,2.222925,0.63592,0.10088,0.619
1694787798804687,-9.495014,0.850263,2.213925,0.68692,0.9488,0.2281
1694787798812500,-9.481014,0.848263,2.211925,0.60692,0.9888,0.5419
1694787798820312,-9.486014,0.845263,2.213925,0.59192,0.1688,0.3919
1694787798828125,-9.499014,0.846263,2.218925,0.62592,0.7788,0.5719
1694787798835937,-9.506014,0.828263,2.213925,0.57792,0.7788,0.2419
1694787798843750,-9.508014,0.832263,2.193925,0.60892,0.7788,0.2519
1694787798851562,-9.515014,0.841263,2.177925,0.62192,0.6588,0.881
1694787798859375,-9.524014,0.830263,2.182925,0.70692,0.4188,0.7619
1694787798867187,-9.517014,0.835263,2.197925,0.72092,0.9088,0.1219
1694787798875000,-9.519014,0.832263,2.191925,0.70692,0.4188,0.4419
1694787798882812,-9.515014,0.830263,2.202925,0.70892,0.8688,0.4619
1694787798890625,-9.531014,0.833263,2.197925,0.70392,0.9488,0.5819
1694787798898437,-9.531014,0.830263,2.186925,0.62692,0.7588,0.7419
1694787798906250,-9.530014,0.830263,2.184925,0.67192,0.12788,0.4119
1694787798914062,-9.540014,0.844263,2.177925,0.70192,0.6588,0.5619
1694787798921875,-9.538014,0.846263,2.179925,0.72192,0.9088,0.4419
1694787798929687,-9.538014,0.855263,2.197925,0.70792,0.7288,0.6119
1694787798937500,-9.537014,0.846263,2.197925,0.71192,0.9088,0.5219
1694787798945312,-9.521014,0.846263,2.181925,0.69392,0.12488,0.3419
1694787798953125,-9.519014,0.846263,2.177925,0.71792,0.6388,0.919
1694787798960937,-9.510014,0.851263,2.168925,0.69092,0.11288,0.1581
1694787798968750,-9.506014,0.848263,2.163925,0.71492,0.2288,0.11719
1694787798976562,-9.501014,0.832263,2.154925,0.69992,0.5188,0.3919
1694787798984375,-9.496014,0.832263,2.168925,0.67892,0.7588,0.5119
1694787798992187,-9.483014,0.830263,2.197925,0.71592,0.1888,0.2319
1694787799000000,-9.476014,0.839263,2.190925,0.63292,0.7388,0.3519
1694787799007812,-9.470014,0.843263,2.199925,0.64592,0.2588,0.7781
1694787799015625,-9.474014,0.839263,2.213925,0.68392,0.1412,0.719
1694787799023437,-9.467014,0.843263,2.226925,0.53692,0.2588,0.3081
1694787799031250,-9.470014,0.841263,2.220925,0.66992,0.6512,0.781
1694787799039062,-9.461014,0.845263,2.222925,0.66892,0.7912,0.2319
1694787799046875,-9.463014,0.847263,2.224925,0.64992,0.2612,0.519
1694787799054687,-9.463014,0.856263,2.220925,0.63292,0.4112,0.1181
1694787799062500,-9.463014,0.854263,2.208925,0.56592,0.4488,0.6381
1694787799070312,-9.468014,0.852263,2.213925,0.58792,0.6112,0.4281
1694787799078125,-9.483014,0.848263,2.202925,0.60392,0.4512,0.2681
1694787799085937,-9.502014,0.850263,2.186925,0.61492,0.14112,0.4519
1694787799093750,-9.502014,0.848263,2.186925,0.64292,0.13512,0.4319
1694787799101562,-9.513014,0.839263,2.202925,0.58092,0.12012,0.2719
1694787799109375,-9.528014,0.833263,2.186925,0.61192,0.15312,0.1119
1694787799117187,-9.535014,0.831263,2.177925,0.51692,0.16812,0.2519
1694787799125000,-9.539014,0.831263,2.179925,0.63992,0.11612,0.2281
1694787799132812,-9.551014,0.831263,2.177925,0.63792,0.4712,0.2319
1694787799140625,-9.551014,0.833263,2.179925,0.63792,0.3312,0.3981
1694787799148437,-9.553014,0.833263,2.177925,0.68492,0.6312,0.719
1694787799156250,-9.550014,0.831263,2.197925,0.63592,0.1212,0.619
1694787799164062,-9.542014,0.840263,2.202925,0.57792,0.6712,0.5619
1694787799171875,-9.540014,0.842263,2.184925,0.63792,0.9812,0.2381
1694787799179687,-9.517014,0.835263,2.200925,0.65892,0.812,0.1219
1694787799187500,-9.499014,0.846263,2.200925,0.66992,0.4912,0.819
1694787799195312,-9.499014,0.841263,2.211925,0.61892,0.5288,0.5881
1694787799203125,-9.499014,0.843263,2.215925,0.70292,0.1488,0.2519
1694787799210937,-9.497014,0.846263,2.222925,0.71592,0.1688,0.2381
1694787799218750,-9.502014,0.846263,2.222925,0.70192,0.6188,0.5381
1694787799226562,-9.510014,0.841263,2.215925,0.71192,0.6988,0.7381
1694787799234375,-9.504014,0.848263,2.213925,0.65092,0.3488,0.7381
1694787799242187,-9.497014,0.850263,2.215925,0.67292,0.4388,0.581
1694787799250000,-9.501014,0.837263,2.202925,0.67392,0.5788,0.481
1694787799257812,-9.510014,0.830263,2.195925,0.68992,0.7388,0.2081
1694787799265625,-9.515014,0.830263,2.197925,0.66992,0.9888,0.5519
1694787799273437,-9.535014,0.833263,2.195925,0.65392,0.6588,0.3919
1694787799281250,-9.549014,0.831263,2.204925,0.67192,0.10888,0.3781
1694787799289062,-9.569014,0.842263,2.209925,0.63992,0.7788,0.681
1694787799296875,-9.560014,0.851263,2.213925,0.62292,0.9688,0.819
1694787799304687,-9.558014,0.855263,2.215925,0.57692,0.6388,0.3919
1694787799312500,-9.551014,0.853263,2.206925,0.67192,0.9688,0.10419
1694787799320312,-9.537014,0.842263,2.202925,0.58892,0.8788,0.8319
1694787799328125,-9.524014,0.828263,2.197925,0.60892,0.9688,0.7219
1694787799335937,-9.516014,0.819263,2.193925,0.61792,0.12288,0.8319
1694787799343750,-9.505014,0.795263,2.195925,0.57492,0.16588,0.6919
1694787799351562,-9.505014,0.794263,2.195925,0.60892,0.14188,0.2281
1694787799359375,-9.501014,0.792263,2.209925,0.68592,0.19288,0.3981
1694787799367187,-9.503014,0.788263,2.220925,0.60592,0.19488,0.2481
1694787799375000,-9.500014,0.783263,2.229925,0.60692,0.21088,0.981
1694787799382812,-9.503014,0.799263,2.231925,0.57692,0.20888,0.2319
1694787799390625,-9.494014,0.797263,2.247925,0.57592,0.22288,0.7181
1694787799398437,-9.485014,0.792263,2.260925,0.57792,0.19088,0.819
1694787799406250,-9.485014,0.799263,2.263925,0.61192,0.9088,0.1019
1694787799414062,-9.483014,0.810263,2.265925,0.66592,0.18188,0.5881
1694787799421875,-9.494014,0.817263,2.267925,0.61892,0.16588,0.4281
1694787799429687,-9.494014,0.823263,2.265925,0.54592,0.9388,0.2381
1694787799437500,-9.485014,0.828263,2.253925,0.61792,0.10188,0.5981
1694787799445312,-9.490014,0.825263,2.227925,0.64392,0.7188,0.381
1694787799453125,-9.501014,0.823263,2.229925,0.57392,0.5088,0.1081
1694787799460937,-9.512014,0.810263,2.215925,0.52992,0.9388,0.2481
1694787799468750,-9.532014,0.802263,2.186925,0.60692,0.1612,0.881
1694787799476562,-9.543014,0.791263,2.172925,0.55592,0.5288,0.5981
1694787799484375,-9.557014,0.782263,2.179925,0.46692,0.9388,0.2481
1694787799492187,-9.566014,0.778263,2.177925,0.46692,0.6088,0.5681
1694787799500000,-9.552014,0.775263,2.172925,0.47792,0.9988,0.7581
1694787799507812,-9.536014,0.782263,2.184925,0.51192,0.9788,0.2681
1694787799515625,-9.530014,0.788263,2.184925,0.46492,0.8188,0.2681
1694787799523437,-9.507014,0.793263,2.190925,0.55192,0.12488,0.1481
1694787799531250,-9.496014,0.788263,2.213925,0.54292,0.11488,0.981
1694787799539062,-9.503014,0.788263,2.213925,0.51592,0.7388,0.5481
1694787799546875,-9.501014,0.795263,2.224925,0.52592,0.6788,0.4281
1694787799554687,-9.503014,0.795263,2.222925,0.49592,0.1712,0.5781
1694787799562500,-9.514014,0.788263,2.217925,0.46592,0.3312,0.2581
1694787799570312,-9.532014,0.795263,2.195925,0.49292,0.5488,0.219
1694787799578125,-9.548014,0.800263,2.191925,0.52992,0.2888,0.5581
1694787799585937,-9.541014,0.811263,2.215925,0.44992,0.3088,0.4181
1694787799593750,-9.552014,0.800263,2.197925,0.49792,0.3512,0.5681
1694787799601562,-9.555014,0.802263,2.190925,0.43392,0.0,0.4281
1694787799609375,-9.550014,0.804263,2.184925,0.50592,0.7288,0.6281
1694787799617187,-9.543014,0.795263,2.175925,0.50992,0.5088,0.4281
1694787799625000,-9.539014,0.788263,2.168925,0.53292,0.5788,0.581
1694787799632812,-9.525014,0.777263,2.186925,0.51192,0.4888,0.2581
1694787799640625,-9.534014,0.762263,2.200925,0.48192,0.6088,0.5681
1694787799648437,-9.514014,0.759263,2.206925,0.50292,0.3888,0.3781
1694787799656250,-9.520014,0.759263,2.211925,0.44892,0.6488,0.5881
1694787799664062,-9.509014,0.766263,2.215925,0.46092,0.5288,0.7681
1694787799671875,-9.496014,0.772263,2.218925,0.45292,0.5888,0.781
1694787799679687,-9.492014,0.788263,2.215925,0.46692,0.7788,0.5681
1694787799687500,-9.487014,0.777263,2.209925,0.45092,0.3088,0.981
1694787799695312,-9.494014,0.786263,2.197925,0.47992,0.9988,0.419
1694787799703125,-9.481014,0.787263,2.200925,0.51792,0.8988,0.2519
1694787799710937,-9.492014,0.794263,2.206925,0.44992,0.8388,0.8419
1694787799718750,-9.496014,0.788263,2.206925,0.46792,0.9388,0.2319
1694787799726562,-9.501014,0.792263,2.191925,0.45692,0.3888,0.2619
1694787799734375,-9.510014,0.788263,2.197925,0.47092,0.7388,0.2519
1694787799742187,-9.512014,0.790263,2.206925,0.45292,0.4488,0.3919
1694787799750000,-9.514014,0.795263,2.213925,0.48892,0.5588,0.5819
1694787799757812,-9.510014,0.788263,2.213925,0.37692,0.2688,0.5519
1694787799765625,-9.516014,0.770263,2.209925,0.43892,0.10212,0.4019
1694787799773437,-9.514014,0.759263,2.206925,0.44192,0.4188,0.12119
1694787799781250,-9.518014,0.755263,2.195925,0.42392,0.412,0.11919
1694787799789062,-9.515014,0.735263,2.197925,0.46592,0.1412,0.8519
1694787799796875,-9.513014,0.721263,2.204925,0.45892,0.5912,0.9119
1694787799804687,-9.504014,0.726263,2.193925,0.46892,0.10012,0.5519
1694787799812500,-9.504014,0.723263,2.184925,0.45592,0.3612,0.13619
1694787799820312,-9.509014,0.721263,2.191925,0.47192,0.4112,0.5819
1694787799828125,-9.500014,0.728263,2.209925,0.43892,0.6912,0.7219
1694787799835937,-9.500014,0.735263,2.218925,0.42292,0.1812,0.15019
1694787799843750,-9.513014,0.744263,2.215925,0.36292,0.12012,0.12019
1694787799851562,-9.520014,0.744263,2.220925,0.39292,0.17012,0.4119
1694787799859375,-9.513014,0.737263,2.227925,0.45292,0.5112,0.5519
1694787799867187,-9.518014,0.724263,2.215925,0.45392,0.10212,0.4019
1694787799875000,-9.536014,0.726263,2.218925,0.46992,0.6712,0.11919
1694787799882812,-9.535014,0.726263,2.224925,0.44692,0.2412,0.8219
1694787799890625,-9.535014,0.722263,2.229925,0.46792,0.4912,0.10219
1694787799898437,-9.547014,0.733263,2.217925,0.45092,0.3312,0.5419
1694787799906250,-9.545014,0.742263,2.224925,0.48792,0.612,0.10519
1694787799914062,-9.543014,0.739263,2.218925,0.61592,0.6112,0.6219
1694787799921875,-9.542014,0.724263,2.206925,0.56592,0.812,0.4319
1694787799929687,-9.538014,0.728263,2.197925,0.59892,0.1012,0.6019
1694787799937500,-9.536014,0.715263,2.206925,0.70592,0.2212,0.2719
1694787799945312,-9.527014,0.726263,2.209925,0.62692,0.4388,0.4219
1694787799953125,-9.527014,0.735263,2.215925,0.72192,0.712,0.2819
1694787799960937,-9.513014,0.732263,2.222925,0.53492,0.4188,0.5819
1694787799968750,-9.518014,0.739263,2.213925,0.68792,0.3612,0.1019
1694787799976562,-9.516014,0.746263,2.215925,0.70692,0.5588,0.1319
1694787799984375,-9.514014,0.759263,2.213925,0.58092,0.888,0.2719
1694787799992187,-9.513014,0.757263,2.226925,0.66892,0.5188,0.5519
1694787800000000,-9.516014,0.759263,2.236925,0.61392,0.3988,0.4419
1694787800007812,-9.525014,0.775263,2.247925,0.61292,0.5588,0.1219
1694787800015625,-9.532014,0.770263,2.254925,0.66192,0.3788,0.2919
1694787800023437,-9.536014,0.764263,2.242925,0.55092,0.9088,0.9019
1694787800031250,-9.532014,0.759263,2.224925,0.59492,0.2888,0.5719
1694787800039062,-9.536014,0.759263,2.218925,0.58092,0.4188,0.4219
1694787800046875,-9.532014,0.759263,2.229925,0.58192,0.5588,0.4319
1694787800054687,-9.523014,0.748263,2.231925,0.67792,0.8688,0.6119
1694787800062500,-9.536014,0.750263,2.243925,0.69492,0.13588,0.14119
1694787800070312,-9.538014,0.753263,2.233925,0.65592,0.14588,0.10419
1694787800078125,-9.536014,0.759263,2.213925,0.61592,0.7288,0.17219
1694787800085937,-9.536014,0.762263,2.215925,0.57792,0.9688,0.10319
1694787800093750,-9.530014,0.757263,2.213925,0.60192,0.6588,0.4619
1694787800101562,-9.512014,0.761263,2.213925,0.57892,0.12288,0.5381
1694787800109375,-9.500014,0.763263,2.213925,0.48692,0.7388,0.4119
1694787800117187,-9.505014,0.766263,2.202925,0.55192,0.3988,0.9119
1694787800125000,-9.503014,0.761263,2.204925,0.46992,0.8988,0.681
1694787800132812,-9.514014,0.757263,2.215925,0.56492,0.9288,0.10519
1694787800140625,-9.529014,0.757263,2.209925,0.58092,0.9088,0.5819
1694787800148437,-9.536014,0.744263,2.218925,0.69492,0.6588,0.1519
1694787800156250,-9.536014,0.744263,2.229925,0.61992,0.8188,0.8981
1694787800164062,-9.536014,0.742263,2.224925,0.67492,0.9088,0.5919
1694787800171875,-9.539014,0.757263,2.216925,0.69392,0.7088,0.9419
1694787800179687,-9.520014,0.759263,2.218925,0.68992,0.2688,0.4319
1694787800187500,-9.505014,0.759263,2.213925,0.69292,0.3988,0.9319
1694787800195312,-9.514014,0.772263,2.215925,0.70692,0.1088,0.9119
1694787800203125,-9.500014,0.765263,2.209925,0.64492,0.10488,0.6019
1694787800210937,-9.512014,0.761263,2.209925,0.69392,0.10288,0.7719
1694787800218750,-9.511014,0.766263,2.213925,0.71892,0.9688,0.8919
1694787800226562,-9.511014,0.757263,2.224925,0.67392,0.19088,0.7419
1694787800234375,-9.521014,0.759263,2.243925,0.69392,0.10288,0.9319
1694787800242187,-9.514014,0.761263,2.220925,0.62992,0.5588,0.7619
1694787800250000,-9.507014,0.748263,2.195925,0.59492,0.11088,0.7219
1694787800257812,-9.520014,0.753263,2.199925,0.62392,0.16488,0.11819
1694787800265625,-9.516014,0.741263,2.188925,0.67392,0.20788,0.7319
1694787800273437,-9.525014,0.737263,2.170925,0.70192,0.22588,0.819
1694787800281250,-9.529014,0.717263,2.168925,0.72492,0.18488,0.7719
1694787800289062,-9.524014,0.726263,2.177925,0.70492,0.19088,0.9019
1694787800296875,-9.533014,0.722263,2.188925,0.72092,0.17488,0.5819
1694787800304687,-9.538014,0.726263,2.177925,0.70592,0.16088,0.16919
1694787800312500,-9.536014,0.724263,2.186925,0.70892,0.12388,0.17219
1694787800320312,-9.538014,0.733263,2.186925,0.70292,0.17888,0.10419
1694787800328125,-9.529014,0.757263,2.195925,0.71992,0.14388,0.8919
1694787800335937,-9.511014,0.757263,2.209925,0.70492,0.14188,0.5819
1694787800343750,-9.503014,0.781263,2.227925,0.72392,0.7488,0.10819
1694787800351562,-9.496014,0.797263,2.233925,0.73392,0.9888,0.8819
1694787800359375,-9.494014,0.803263,2.249925,0.69992,0.8488,0.5519
1694787800367187,-9.483014,0.810263,2.249925,0.71992,0.9688,0.12119
1694787800375000,-9.494014,0.797263,2.247925,0.70092,0.10088,0.7119
1694787800382812,-9.499014,0.794263,2.256925,0.62892,0.7388,0.7519
1694787800390625,-9.492014,0.790263,2.254925,0.67292,0.11088,0.7319
1694787800398437,-9.500014,0.777263,2.249925,0.59592,0.7888,0.12119
1694787800406250,-9.500014,0.761263,2.227925,0.56792,0.8888,0.12319
1694787800414062,-9.509014,0.761263,2.222925,0.52892,0.9888,0.7019
1694787800421875,-9.516014,0.768263,2.197925,0.51892,0.888,0.7419
1694787800429687,-9.521014,0.768263,2.193925,0.47192,0.9088,0.8919
1694787800437500,-9.528014,0.786263,2.209925,0.54992,0.10688,0.9019
1694787800445312,-9.532014,0.788263,2.202925,0.58092,0.5988,0.12219
1694787800453125,-9.537014,0.797263,2.209925,0.61492,0.12388,0.17119
1694787800460937,-9.539014,0.811263,2.202925,0.67492,0.9488,0.15319
1694787800468750,-9.530014,0.813263,2.211925,0.62792,0.4588,0.16919
1694787800476562,-9.519014,0.817263,2.220925,0.51892,0.12788,0.20019
1694787800484375,-9.512014,0.824263,2.233925,0.47192,0.9488,0.21519
1694787800492187,-9.501014,0.812263,2.254925,0.46492,0.4612,0.26919
1694787800500000,-9.501014,0.825263,2.281925,0.47792,0.5388,0.22019
1694787800507812,-9.501014,0.832263,2.287925,0.40892,0.3388,0.29319
1694787800515625,-9.501014,0.830263,2.290925,0.33092,0.3188,0.26119
1694787800523437,-9.495014,0.845263,2.287925,0.39392,0.9488,0.21419
1694787800531250,-9.479014,0.845263,2.308925,0.42692,0.7688,0.23219
1694787800539062,-9.461014,0.838263,2.305925,0.36092,0.7988,0.19719
1694787800546875,-9.452014,0.834263,2.305925,0.47092,0.3388,0.24619
1694787800554687,-9.456014,0.836263,2.303925,0.41992,0.3488,0.14819
1694787800562500,-9.456014,0.832263,2.292925,0.45792,0.3812,0.18519
1694787800570312,-9.456014,0.823263,2.276925,0.47492,0.712,0.18619
1694787800578125,-9.474014,0.825263,2.267925,0.45892,0.2412,0.15419
1694787800585937,-9.483014,0.823263,2.249925,0.47192,0.312,0.20019
1694787800593750,-9.499014,0.825263,2.263925,0.45892,0.5588,0.12219
1694787800601562,-9.503014,0.832263,2.258925,0.46892,0.4612,0.19719
1694787800609375,-9.515014,0.830263,2.245925,0.37692,0.10012,0.15119
1694787800617187,-9.542014,0.826263,2.251925,0.42392,0.3612,0.10319
1694787800625000,-9.546014,0.833263,2.249925,0.46892,0.4988,0.16619
1694787800632812,-9.544014,0.831263,2.262925,0.36892,0.5988,0.17519
1694787800640625,-9.542014,0.829263,2.263925,0.34192,0.3288,0.10019
1694787800648437,-9.537014,0.831263,2.276925,0.32592,0.3688,0.17819
1694787800656250,-9.517014,0.833263,2.280925,0.38592,0.10488,0.14519
1694787800664062,-9.492014,0.819263,2.281925,0.44192,0.4388,0.18419
1694787800671875,-9.478014,0.799263,2.276925,0.44092,0.6188,0.21519
1694787800679687,-9.445014,0.796263,2.267925,0.37492,0.4688,0.11719
1694787800687500,-9.451014,0.789263,2.258925,0.46592,0.3488,0.10019
1694787800695312,-9.458014,0.783263,2.245925,0.45292,0.0,0.15019
1694787800703125,-9.471014,0.787263,2.242925,0.47092,0.5312,0.10419
1694787800710937,-9.496014,0.794263,2.231925,0.42192,0.3512,0.7019
1694787800718750,-9.516014,0.797263,2.229925,0.45392,0.2012,0.4019
1694787800726562,-9.539014,0.813263,2.211925,0.43592,0.4912,0.5419
1694787800734375,-9.562014,0.818263,2.213925,0.45292,0.3712,0.2419
1694787800742187,-9.575014,0.820263,2.206925,0.45292,0.3712,0.819
1694787800750000,-9.573014,0.831263,2.211925,0.43892,0.1088,0.4019
1694787800757812,-9.566014,0.809263,2.229925,0.47392,0.2288,0.7419
1694787800765625,-9.543014,0.797263,2.242925,0.45192,0.6388,0.5419
1694787800773437,-9.525014,0.788263,2.242925,0.47192,0.2412,0.5819
1694787800781250,-9.509014,0.770263,2.251925,0.45392,0.6188,0.8719
1694787800789062,-9.498014,0.763263,2.258925,0.49992,0.3712,0.819
1694787800796875,-9.503014,0.768263,2.251925,0.56392,0.412,0.5719
1694787800804687,-9.476014,0.772263,2.260925,0.58092,0.2488,0.2719
1694787800812500,-9.480014,0.767263,2.279925,0.70892,0.5912,0.4619
1694787800820312,-9.480014,0.785263,2.263925,0.62592,0.3412,0.7319
1694787800828125,-9.485014,0.781263,2.251925,0.59392,0.2012,0.681
1694787800835937,-9.496014,0.788263,2.251925,0.60992,0.6712,0.8919
1694787800843750,-9.503014,0.788263,2.256925,0.63992,0.3088,0.819
1694787800851562,-9.501014,0.799263,2.258925,0.57992,0.4388,0.4119
1694787800859375,-9.501014,0.792263,2.251925,0.56492,0.5712,0.481
1694787800867187,-9.503014,0.794263,2.245925,0.48692,0.4112,0.581
1694787800875000,-9.508014,0.779263,2.249925,0.58392,0.4712,0.1781
1694787800882812,-9.505014,0.788263,2.258925,0.66992,0.5112,0.5481
1694787800890625,-9.500014,0.772263,2.251925,0.67292,0.3912,0.3681
1694787800898437,-9.500014,0.759263,2.245925,0.68892,0.10412,0.3581
1694787800906250,-9.500014,0.763263,2.229925,0.70492,0.12012,0.5181
1694787800914062,-9.505014,0.759263,2.222925,0.72192,0.9012,0.3481
1694787800921875,-9.507014,0.759263,2.220925,0.70192,0.1812,0.2281
1694787800929687,-9.516014,0.766263,2.220925,0.71592,0.6512,0.5481
1694787800937500,-9.521014,0.768263,2.227925,0.63992,0.3712,0.5381
1694787800945312,-9.530014,0.771263,2.222925,0.59192,0.5112,0.3981
1694787800953125,-9.534014,0.755263,2.222925,0.53292,0.812,0.2181
1694787800960937,-9.536014,0.775263,2.213925,0.51392,0.2588,0.13581
1694787800968750,-9.543014,0.762263,2.204925,0.62592,0.7112,0.3681
1694787800976562,-9.552014,0.762263,2.195925,0.57492,0.1612,0.5681
1694787800984375,-9.552014,0.753263,2.173925,0.57592,0.412,0.8681
1694787800992187,-9.563014,0.749263,2.170925,0.67392,0.612,0.1119
1694787801000000,-9.572014,0.747263,2.159925,0.65592,0.3212,0.7219
1694787801007812,-9.576014,0.745263,2.152925,0.70292,0.11088,0.2519
1694787801015625,-9.558014,0.742263,2.161925,0.68592,0.9688,0.2419
1694787801023437,-9.549014,0.753263,2.161925,0.60592,0.9888,0.619
1694787801031250,-9.541014,0.760263,2.170925,0.60592,0.11488,0.981
1694787801039062,-9.534014,0.757263,2.168925,0.65492,0.6188,0.7081
1694787801046875,-9.534014,0.755263,2.191925,0.62892,0.5588,0.381
1694787801054687,-9.543014,0.757263,2.197925,0.70192,0.11288,0.819
1694787801062500,-9.552014,0.746263,2.209925,0.72292,0.7488,0.7619
1694787801070312,-9.547014,0.738263,2.215925,0.69792,0.16588,0.981
1694787801078125,-9.529014,0.746263,2.213925,0.70492,0.5988,0.1119
1694787801085937,-9.529014,0.746263,2.233925,0.70292,0.10888,0.5381
1694787801093750,-9.523014,0.744263,2.231925,0.70492,0.5788,0.3581
1694787801101562,-9.504014,0.737263,2.211925,0.70092,0.6388,0.2281
1694787801109375,-9.509014,0.739263,2.215925,0.70292,0.11088,0.2519
1694787801117187,-9.522014,0.751263,2.195925,0.70192,0.6788,0.11919
1694787801125000,-9.518014,0.753263,2.186925,0.70092,0.14788,0.2319
1694787801132812,-9.532014,0.762263,2.191925,0.70192,0.14388,0.2281
1694787801140625,-9.539014,0.764263,2.193925,0.70792,0.7288,0.4519
1694787801148437,-9.546014,0.779263,2.206925,0.72192,0.13788,0.381
1694787801156250,-9.547014,0.771263,2.208925,0.70092,0.14788,0.7119
1694787801164062,-9.538014,0.773263,2.208925,0.71492,0.18488,0.8519
1694787801171875,-9.543014,0.766263,2.193925,0.70292,0.20988,0.2519
1694787801179687,-9.547014,0.764263,2.175925,0.71892,0.27488,0.7219
1694787801187500,-9.547014,0.751263,2.175925,0.67592,0.33488,0.9019
1694787801195312,-9.542014,0.742263,2.197925,0.69692,0.28488,0.8319
1694787801203125,-9.545014,0.738263,2.197925,0.68292,0.36288,0.8419
1694787801210937,-9.549014,0.742263,2.195925,0.69792,0.28288,0.8419
1694787801218750,-9.545014,0.740263,2.204925,0.71392,0.28288,0.6819
1694787801226562,-9.536014,0.742263,2.209925,0.71892,0.24488,0.13619
1694787801234375,-9.538014,0.744263,2.197925,0.70492,0.22388,0.9019
1694787801242187,-9.518014,0.755263,2.209925,0.78592,0.28788,0.15519
1694787801250000,-9.514014,0.768263,2.209925,0.78392,0.15888,0.7519
1694787801257812,-9.501014,0.781263,2.197925,0.75092,0.22588,0.7319
1694787801265625,-9.510014,0.790263,2.211925,0.82792,0.16288,0.5719
1694787801273437,-9.501014,0.792263,2.215925,0.82992,0.17688,0.10619
1694787801281250,-9.503014,0.795263,2.213925,0.81192,0.11288,0.2619
1694787801289062,-9.501014,0.794263,2.213925,0.78392,0.7488,0.1219
1694787801296875,-9.503014,0.799263,2.218925,0.72092,0.9288,0.7519
1694787801304687,-9.483014,0.801263,2.233925,0.77892,0.8288,0.819
1694787801312500,-9.474014,0.812263,2.222925,0.65692,0.9488,0.4119
1694787801320312,-9.472014,0.814263,2.213925,0.61992,0.8388,0.2581
1694787801328125,-9.465014,0.812263,2.233925,0.65892,0.9088,0.4319
1694787801335937,-9.454014,0.809263,2.233925,0.70892,0.912,0.9319
1694787801343750,-9.438014,0.822263,2.234925,0.63192,0.6112,0.6219
1694787801351562,-9.436014,0.829263,2.254925,0.56392,0.6912,0.4119
1694787801359375,-9.443014,0.831263,2.256925,0.61392,0.8912,0.7619
1694787801367187,-9.443014,0.829263,2.256925,0.69092,0.13612,0.6019
1694787801375000,-9.438014,0.827263,2.251925,0.64492,0.16912,0.9219
1694787801382812,-9.447014,0.829263,2.249925,0.55192,0.10412,0.15519
1694787801390625,-9.454014,0.827263,2.247925,0.62392,0.12612,0.16719
1694787801398437,-9.456014,0.814263,2.251925,0.51992,0.18112,0.21719
1694787801406250,-9.474014,0.819263,2.253925,0.45292,0.14512,0.16619
1694787801414062,-9.492014,0.826263,2.269925,0.46892,0.17812,0.15019
1694787801421875,-9.508014,0.839263,2.269925,0.45492,0.16312,0.19919
1694787801429687,-9.522014,0.846263,2.258925,0.47092,0.17912,0.18319
1694787801437500,-9.528014,0.851263,2.245925,0.45592,0.16312,0.24719
1694787801445312,-9.540014,0.857263,2.233925,0.45292,0.16312,0.10319
1694787801453125,-9.533014,0.864263,2.229925,0.47292,0.21412,0.21719
1694787801460937,-9.533014,0.862263,2.231925,0.45692,0.15112,0.15319
1694787801468750,-9.537014,0.840263,2.229925,0.46992,0.16312,0.13519
1694787801476562,-9.537014,0.833263,2.222925,0.50192,0.19612,0.15219
1694787801484375,-9.537014,0.835263,2.206925,0.48692,0.11612,0.18419
1694787801492187,-9.546014,0.829263,2.202925,0.45292,0.9812,0.8619
1694787801500000,-9.537014,0.815263,2.215925,0.45692,0.10212,0.16819
1694787801507812,-9.537014,0.808263,2.222925,0.47392,0.4012,0.12219
1694787801515625,-9.537014,0.808263,2.213925,0.45792,0.2212,0.20119
1694787801523437,-9.541014,0.815263,2.229925,0.50292,0.1288,0.18419
1694787801531250,-9.537014,0.813263,2.249925,0.52792,0.10288,0.13219
1694787801539062,-9.539014,0.811263,2.260925,0.46692,0.8688,0.21119
1694787801546875,-9.530014,0.804263,2.258925,0.58192,0.7888,0.20119
1694787801554687,-9.519014,0.795263,2.261925,0.58492,0.7288,0.15619
1694787801562500,-9.510014,0.797263,2.251925,0.49992,0.6588,0.15019
1694787801570312,-9.501014,0.794263,2.245925,0.54992,0.1088,0.8919
1694787801578125,-9.501014,0.797263,2.238925,0.62792,0.512,0.7419
1694787801585937,-9.501014,0.797263,2.229925,0.65692,0.1488,0.7319
1694787801593750,-9.499014,0.812263,2.229925,0.54792,0.1288,0.7219
1694787801601562,-9.485014,0.810263,2.215925,0.51692,0.2688,0.919
1694787801609375,-9.490014,0.819263,2.222925,0.69092,0.7112,0.6019
1694787801617187,-9.496014,0.819263,2.213925,0.65192,0.388,0.619
1694787801625000,-9.503014,0.819263,2.211925,0.67192,0.2888,0.1019
1694787801632812,-9.519014,0.828263,2.213925,0.71792,0.0,0.5619
1694787801640625,-9.517014,0.826263,2.218925,0.70292,0.4788,0.4119
1694787801648437,-9.512014,0.815263,2.213925,0.65592,0.6388,0.5619
1694787801656250,-9.528014,0.817263,2.218925,0.70592,0.4388,0.5919
1694787801664062,-9.532014,0.813263,2.204925,0.59292,0.1488,0.2419
1694787801671875,-9.524014,0.819263,2.195925,0.67192,0.2888,0.1019
1694787801679687,-9.528014,0.815263,2.195925,0.71392,0.2812,0.719
1694787801687500,-9.537014,0.811263,2.195925,0.70192,0.0,0.5619
1694787801695312,-9.537014,0.802263,2.193925,0.71692,0.3088,0.2281
1694787801703125,-9.548014,0.788263,2.195925,0.70492,0.512,0.2719
1694787801710937,-9.548014,0.795263,2.184925,0.71992,0.5312,0.2719
1694787801718750,-9.537014,0.779263,2.168925,0.74192,0.4612,0.1619
1694787801726562,-9.532014,0.773263,2.175925,0.70892,0.9412,0.1681
1694787801734375,-9.523014,0.779263,2.177925,0.70292,0.3712,0.5381
1694787801742187,-9.514014,0.790263,2.184925,0.80192,0.1212,0.3281
1694787801750000,-9.505014,0.799263,2.200925,0.79992,0.712,0.1881
1694787801757812,-9.501014,0.808263,2.193925,0.76592,0.5312,0.5281
1694787801765625,-9.499014,0.817263,2.204925,0.79392,0.13188,0.2381
1694787801773437,-9.483014,0.821263,2.213925,0.86292,0.7188,0.3381
1694787801781250,-9.499014,0.830263,2.204925,0.89392,0.3988,0.4881
1694787801789062,-9.490014,0.828263,2.197925,0.82892,0.5312,0.1981
1694787801796875,-9.499014,0.812263,2.204925,0.85892,0.2012,0.6781
1694787801804687,-9.501014,0.814263,2.188925,0.76392,0.5112,0.6981
1694787801812500,-9.501014,0.799263,2.189925,0.81692,0.6112,0.7981
1694787801820312,-9.507014,0.808263,2.190925,0.77692,0.9612,0.8681
1694787801828125,-9.514014,0.801263,2.179925,0.74592,0.14712,0.13481
1694787801835937,-9.528014,0.810263,2.173925,0.78192,0.13512,0.5181
1694787801843750,-9.533014,0.813263,2.161925,0.76992,0.9112,0.3381
1694787801851562,-9.537014,0.822263,2.161925,0.78092,0.5512,0.13181
1694787801859375,-9.546014,0.820263,2.157925,0.68392,0.3512,0.11881
1694787801867187,-9.564014,0.824263,2.161925,0.71792,0.5312,0.6881
1694787801875000,-9.573014,0.831263,2.157925,0.70292,0.3612,0.3781
1694787801882812,-9.578014,0.822263,2.155925,0.71792,0.3712,0.5381
1694787801890625,-9.580014,0.836263,2.168925,0.73392,0.988,0.10081
1694787801898437,-9.573014,0.829263,2.173925,0.70392,0.7588,0.3781
1694787801906250,-9.571014,0.831263,2.179925,0.71792,0.212,0.681
1694787801914062,-9.550014,0.829263,2.166925,0.76092,0.488,0.719
1694787801921875,-9.542014,0.815263,2.175925,0.79992,0.888,0.1881
1694787801929687,-9.535014,0.810263,2.173925,0.70492,0.2412,0.5181
1694787801937500,-9.523014,0.804263,2.182925,0.77892,0.11288,0.5481
1694787801945312,-9.498014,0.810263,2.190925,0.71292,0.6988,0.4181
1694787801953125,-9.503014,0.817263,2.206925,0.74892,0.6188,0.5381
1694787801960937,-9.501014,0.830263,2.206925,0.73092,0.14788,0.4081
1694787801968750,-9.501014,0.830263,2.213925,0.69992,0.8188,0.2481
1694787801976562,-9.497014,0.830263,2.220925,0.70092,0.4688,0.3881
1694787801984375,-9.499014,0.832263,2.211925,0.72092,0.5588,0.6681
1694787801992187,-9.501014,0.828263,2.204925,0.68892,0.5788,0.5281
1694787802000000,-9.508014,0.817263,2.193925,0.69292,0.3488,0.3281
1694787802007812,-9.519014,0.808263,2.188925,0.57692,0.6188,0.5581
1694787802015625,-9.528014,0.804263,2.182925,0.57692,0.4488,0.3981
1694787802023437,-9.544014,0.804263,2.173925,0.71892,0.9288,0.2081
1694787802031250,-9.564014,0.816263,2.168925,0.69792,0.8188,0.12081
1694787802039062,-9.575014,0.804263,2.166925,0.68492,0.7788,0.10281
1694787802046875,-9.573014,0.802263,2.181925,0.71492,0.11488,0.5681
1694787802054687,-9.580014,0.809263,2.202925,0.73292,0.12688,0.7081
1694787802062500,-9.568014,0.807263,2.191925,0.70092,0.7988,0.3981
1694787802070312,-9.555014,0.802263,2.182925,0.70792,0.8688,0.1881
1694787802078125,-9.546014,0.791263,2.166925,0.71892,0.9288,0.5381
1694787802085937,-9.525014,0.773263,2.161925,0.68492,0.12888,0.3981
1694787802093750,-9.505014,0.754263,2.137925,0.65592,0.14188,0.3881
1694787802101562,-9.496014,0.766263,2.159925,0.68292,0.22988,0.5781
1694787802109375,-9.486014,0.752263,2.161925,0.69792,0.13288,0.4181
1694787802117187,-9.491014,0.757263,2.146925,0.71692,0.15988,0.5481
1694787802125000,-9.493014,0.752263,2.179925,0.70392,0.14188,0.581
1694787802132812,-9.507014,0.759263,2.177925,0.70492,0.17488,0.4219
1694787802140625,-9.530014,0.779263,2.177925,0.71592,0.16388,0.2319
1694787802148437,-9.521014,0.788263,2.184925,0.70092,0.9688,0.5581
1694787802156250,-9.517014,0.797263,2.197925,0.81292,0.9288,0.3581
1694787802164062,-9.507014,0.797263,2.208925,0.85592,0.9888,0.3881
1694787802171875,-9.501014,0.799263,2.218925,0.77892,0.3088,0.6981
1694787802179687,-9.487014,0.814263,2.227925,0.76092,0.11488,0.8781
1694787802187500,-9.472014,0.807263,2.231925,0.84192,0.7788,0.11681
1694787802195312,-9.465014,0.803263,2.224925,0.72592,0.11888,0.13881
1694787802203125,-9.460014,0.796263,2.218925,0.71592,0.2888,0.16581
1694787802210937,-9.469014,0.794263,2.224925,0.70092,0.6188,0.10281
1694787802218750,-9.485014,0.797263,2.229925,0.71392,0.8188,0.8881
1694787802226562,-9.496014,0.790263,2.224925,0.71592,0.1388,0.10281
1694787802234375,-9.503014,0.792263,2.202925,0.76092,0.1888,0.5581
1694787802242187,-9.528014,0.795263,2.197925,0.76392,0.6188,0.6981
1694787802250000,-9.543014,0.797263,2.197925,0.71592,0.212,0.8681
1694787802257812,-9.548014,0.797263,2.191925,0.69992,0.1388,0.8681
1694787802265625,-9.546014,0.795263,2.188925,0.72192,0.1012,0.6681
1694787802273437,-9.539014,0.797263,2.186925,0.70292,0.4288,0.5281
1694787802281250,-9.530014,0.786263,2.177925,0.72192,0.3988,0.1881
1694787802289062,-9.521014,0.797263,2.177925,0.70092,0.4688,0.3881
1694787802296875,-9.525014,0.795263,2.193925,0.71492,0.4712,0.5581
1694787802304687,-9.527014,0.784263,2.193925,0.65392,0.3088,0.3981
1694787802312500,-9.534014,0.791263,2.206925,0.70392,0.9288,0.1019
1694787802320312,-9.539014,0.797263,2.206925,0.72192,0.2488,0.1219
1694787802328125,-9.532014,0.813263,2.200925,0.71592,0.11288,0.5581
1694787802335937,-9.523014,0.804263,2.197925,0.65592,0.2888,0.3881
1694787802343750,-9.526014,0.817263,2.202925,0.64192,0.9288,0.4219
1694787802351562,-9.510014,0.810263,2.188925,0.56292,0.7788,0.4019
1694787802359375,-9.499014,0.823263,2.191925,0.50192,0.10888,0.10419
1694787802367187,-9.492014,0.814263,2.179925,0.45592,0.7388,0.7319
1694787802375000,-9.492014,0.810263,2.155925,0.47092,0.7388,0.4119
1694787802382812,-9.501014,0.801263,2.168925,0.45792,0.5388,0.1119
1694787802390625,-9.505014,0.794263,2.161925,0.47292,0.7188,0.4219
1694787802398437,-9.516014,0.792263,2.168925,0.45492,0.5988,0.8819
1694787802406250,-9.519014,0.777263,2.155925,0.47192,0.10688,0.7319
1694787802414062,-9.532014,0.780263,2.184925,0.47992,0.8588,0.8319
1694787802421875,-9.538014,0.760263,2.200925,0.48292,0.11288,0.3819
1694787802429687,-9.536014,0.750263,2.195925,0.59692,0.5588,0.3681
1694787802437500,-9.536014,0.746263,2.195925,0.48392,0.6188,0.719
1694787802445312,-9.536014,0.742263,2.211925,0.59892,0.2088,0.1319
1694787802453125,-9.523014,0.748263,2.211925,0.55292,0.5188,0.1319
1694787802460937,-9.505014,0.761263,2.213925,0.54992,0.5788,0.5819
1694787802468750,-9.487014,0.759263,2.202925,0.56692,0.5912,0.1219
1694787802476562,-9.473014,0.763263,2.200925,0.45492,0.4288,0.8819
1694787802484375,-9.473014,0.774263,2.213925,0.54492,0.9688,0.2319
1694787802492187,-9.471014,0.772263,2.215925,0.54592,0.6188,0.3981
1694787802500000,-9.456014,0.769263,2.213925,0.53492,0.12088,0.5819
1694787802507812,-9.464014,0.769263,2.215925,0.60892,0.9488,0.781
1694787802515625,-9.485014,0.768263,2.213925,0.49692,0.9588,0.2581
1694787802523437,-9.498014,0.779263,2.224925,0.57792,0.1288,0.919
1694787802531250,-9.514014,0.766263,2.218925,0.60792,0.212,0.819
1694787802539062,-9.521014,0.770263,2.218925,0.63792,0.12888,0.2481
1694787802546875,-9.539014,0.777263,2.220925,0.49892,0.1188,0.5581
1694787802554687,-9.554014,0.775263,2.218925,0.53192,0.2012,0.2419
1694787802562500,-9.541014,0.788263,2.204925,0.53292,0.3912,0.681
1694787802570312,-9.552014,0.784263,2.195925,0.45392,0.788,0.5481
1694787802578125,-9.541014,0.768263,2.193925,0.47092,0.2488,0.2519
1694787802585937,-9.543014,0.780263,2.182925,0.45292,0.4488,0.719
1694787802593750,-9.532014,0.777263,2.184925,0.54392,0.0,0.981
1694787802601562,-9.516014,0.786263,2.175925,0.54292,0.188,0.519
1694787802609375,-9.507014,0.781263,2.195925,0.47992,0.5088,0.419
1694787802617187,-9.505014,0.772263,2.186925,0.44992,0.188,0.5219
1694787802625000,-9.502014,0.773263,2.193925,0.49492,0.4312,0.5119
1694787802632812,-9.509014,0.779263,2.217925,0.52592,0.2088,0.419
1694787802640625,-9.511014,0.777263,2.213925,0.44492,0.3888,0.2981
1694787802648437,-9.502014,0.772263,2.226925,0.59092,0.1412,0.5419
1694787802656250,-9.507014,0.783263,2.222925,0.51492,0.7788,0.719
1694787802664062,-9.516014,0.773263,2.224925,0.46292,0.5288,0.1281
1694787802671875,-9.514014,0.773263,2.227925,0.48292,0.6388,0.3819
1694787802679687,-9.514014,0.779263,2.227925,0.51792,0.2212,0.5719
1694787802687500,-9.523014,0.784263,2.215925,0.47092,0.612,0.4119
1694787802695312,-9.523014,0.788263,2.213925,0.45292,0.11088,0.7119
1694787802703125,-9.516014,0.793263,2.220925,0.46792,0.6188,0.2319
1694787802710937,-9.503014,0.781263,2.224925,0.45192,0.1488,0.5419
1694787802718750,-9.505014,0.763263,2.227925,0.45392,0.2012,0.7219
1694787802726562,-9.500014,0.763263,2.222925,0.46792,0.3512,0.5519
1694787802734375,-9.502014,0.750263,2.215925,0.45292,0.2012,0.2419
1694787802742187,-9.509014,0.741263,2.204925,0.46992,0.5512,0.681
1694787802750000,-9.502014,0.734263,2.197925,0.45592,0.812,0.4119
1694787802757812,-9.518014,0.735263,2.209925,0.48292,0.212,0.2319
1694787802765625,-9.518014,0.753263,2.209925,0.54892,0.5512,0.4219
1694787802773437,-9.527014,0.748263,2.197925,0.51992,0.4212,0.4319
1694787802781250,-9.541014,0.748263,2.195925,0.48492,0.4288,0.819
1694787802789062,-9.547014,0.751263,2.186925,0.53292,0.2212,0.919
1694787802796875,-9.552014,0.762263,2.175925,0.49992,0.8812,0.5481
1694787802804687,-9.557014,0.771263,2.186925,0.45292,0.988,0.5581
1694787802812500,-9.566014,0.784263,2.188925,0.45492,0.10612,0.3781
1694787802820312,-9.573014,0.791263,2.175925,0.46692,0.2112,0.5681
1694787802828125,-9.573014,0.802263,2.184925,0.45492,0.10412,0.681
1694787802835937,-9.584014,0.809263,2.197925,0.46992,0.7112,0.919
1694787802843750,-9.582014,0.820263,2.188925,0.34492,0.10412,0.2419
1694787802851562,-9.578014,0.815263,2.191925,0.40892,0.5912,0.5381
1694787802859375,-9.566014,0.800263,2.209925,0.43592,0.5112,0.2581
1694787802867187,-9.564014,0.798263,2.204925,0.42392,0.2888,0.13519
1694787802875000,-9.550014,0.780263,2.216925,0.49092,0.3788,0.10819
1694787802882812,-9.521014,0.768263,2.218925,0.37992,0.7188,0.10519
1694787802890625,-9.511014,0.748263,2.209925,0.33292,0.10488,0.12019
1694787802898437,-9.511014,0.739263,2.224925,0.47192,0.5788,0.8919
1694787802906250,-9.502014,0.744263,2.238925,0.45292,0.4688,0.7019
1694787802914062,-9.505014,0.730263,2.231925,0.47592,0.3488,0.6019
1694787802921875,-9.518014,0.735263,2.227925,0.46892,0.4788,0.8619
1694787802929687,-9.527014,0.744263,2.247925,0.51792,0.5788,0.1019
1694787802937500,-9.534014,0.757263,2.265925,0.51692,0.5988,0.4119
1694787802945312,-9.534014,0.759263,2.267925,0.55092,0.4188,0.7419
1694787802953125,-9.520014,0.762263,2.249925,0.46992,0.4488,0.7119
1694787802960937,-9.516014,0.759263,2.233925,0.53492,0.4188,0.7419
1694787802968750,-9.516014,0.759263,2.229925,0.48992,0.488,0.4419
1694787802976562,-9.498014,0.759263,2.218925,0.45692,0.7188,0.5819
1694787802984375,-9.482014,0.745263,2.202925,0.45692,0.888,0.10519
1694787802992187,-9.477014,0.730263,2.208925,0.48092,0.5088,0.3619
1694787803000000,-9.482014,0.721263,2.202925,0.46992,0.4788,0.13419
1694787803007812,-9.477014,0.708263,2.190925,0.45192,0.6388,0.5419
1694787803015625,-9.479014,0.705263,2.184925,0.46992,0.7788,0.11919
1694787803023437,-9.493014,0.697263,2.182925,0.58292,0.5588,0.5919
1694787803031250,-9.499014,0.694263,2.177925,0.59992,0.288,0.181
1694787803039062,-9.517014,0.699263,2.191925,0.51892,0.1012,0.481
1694787803046875,-9.526014,0.706263,2.204925,0.65592,0.1488,0.2519
1694787803054687,-9.522014,0.706263,2.195925,0.67792,0.488,0.3019
1694787803062500,-9.522014,0.713263,2.191925,0.65892,0.3812,0.2719
1694787803070312,-9.511014,0.723263,2.184925,0.72592,0.5388,0.9419
1694787803078125,-9.502014,0.737263,2.193925,0.67492,0.11812,0.7519
1694787803085937,-9.511014,0.748263,2.202925,0.64492,0.2212,0.12319
1694787803093750,-9.521014,0.757263,2.206925,0.70992,0.4212,0.9419
1694787803101562,-9.527014,0.761263,2.204925,0.63092,0.9112,0.4519
1694787803109375,-9.536014,0.755263,2.200925,0.63192,0.2812,0.7819
1694787803117187,-9.543014,0.751263,2.209925,0.58092,0.2212,0.9019
1694787803125000,-9.559014,0.744263,2.198925,0.60192,0.6312,0.4619
1694787803132812,-9.552014,0.749263,2.213925,0.58292,0.4212,0.2819
1694787803140625,-9.551014,0.735263,2.213925,0.59292,0.4788,0.5619
1694787803148437,-9.525014,0.726263,2.213925,0.70992,0.1112,0.6219
1694787803156250,-9.525014,0.724263,2.215925,0.59992,0.912,0.9219
1694787803164062,-9.513014,0.726263,2.209925,0.59692,0.1088,0.9019
1694787803171875,-9.506014,0.728263,2.208925,0.54392,0.1888,0.3719
1694787803179687,-9.520014,0.724263,2.215925,0.58292,0.3988,0.6019
1694787803187500,-9.517014,0.710263,2.227925,0.67392,0.6188,0.10619
1694787803195312,-9.536014,0.722263,2.234925,0.71092,0.488,0.9419
1694787803203125,-9.545014,0.719263,2.231925,0.61592,0.3788,0.6119
1694787803210937,-9.547014,0.722263,2.234925,0.66292,0.1112,0.6219
1694787803218750,-9.545014,0.731263,2.238925,0.63392,0.11588,0.11119
1694787803226562,-9.534014,0.737263,2.236925,0.66292,0.5388,0.7719
1694787803234375,-9.538014,0.749263,2.229925,0.68192,0.12088,0.8419
1694787803242187,-9.529014,0.746263,2.240925,0.72092,0.7688,0.5919
1694787803250000,-9.520014,0.746263,2.240925,0.70492,0.7888,0.9019
1694787803257812,-9.536014,0.744263,2.231925,0.71092,0.6888,0.9519
1694787803265625,-9.529014,0.744263,2.218925,0.68992,0.9288,0.7419
1694787803273437,-9.520014,0.737263,2.213925,0.72092,0.7388,0.381
1694787803281250,-9.518014,0.732263,2.215925,0.69092,0.10688,0.7519
1694787803289062,-9.518014,0.728263,2.220925,0.68792,0.5988,0.3781
1694787803296875,-9.506014,0.723263,2.222925,0.65892,0.5988,0.5819
1694787803304687,-9.497014,0.723263,2.215925,0.67092,0.1488,0.919
1694787803312500,-9.486014,0.723263,2.211925,0.57992,0.5988,0.2519
1694787803320312,-9.491014,0.727263,2.216925,0.56892,0.288,0.1419
1694787803328125,-9.489014,0.723263,2.216925,0.67892,0.288,0.1519
1694787803335937,-9.493014,0.726263,2.209925,0.59292,0.412,0.2281
1694787803343750,-9.500014,0.723263,2.206925,0.56292,0.4488,0.2419
1694787803351562,-9.500014,0.741263,2.197925,0.51992,0.2088,0.381
1694787803359375,-9.502014,0.748263,2.182925,0.48792,0.4312,0.1119
1694787803367187,-9.498014,0.741263,2.175925,0.46792,0.8612,0.2381
1694787803375000,-9.507014,0.750263,2.164925,0.58292,0.10812,0.381
1694787803382812,-9.520014,0.748263,2.170925,0.45292,0.7212,0.5481
1694787803390625,-9.513014,0.741263,2.177925,0.46992,0.12112,0.3881
1694787803398437,-9.516014,0.735263,2.155925,0.45892,0.19012,0.4419
1694787803406250,-9.536014,0.735263,2.148925,0.47492,0.17612,0.2919
1694787803414062,-9.536014,0.742263,2.150925,0.47092,0.16812,0.7319
1694787803421875,-9.542014,0.728263,2.128925,0.45692,0.18612,0.9019
1694787803429687,-9.560014,0.738263,2.121925,0.43892,0.16512,0.12019
1694787803437500,-9.558014,0.722263,2.132925,0.46792,0.7912,0.14919
1694787803445312,-9.556014,0.724263,2.130925,0.46992,0.10012,0.10319
1694787803453125,-9.553014,0.727263,2.123925,0.45192,0.12912,0.10219
1694787803460937,-9.545014,0.735263,2.132925,0.54792,0.16312,0.15219
1694787803468750,-9.536014,0.731263,2.139925,0.50092,0.13312,0.8819
1694787803476562,-9.524014,0.742263,2.143925,0.45192,0.17812,0.11819
1694787803484375,-9.534014,0.748263,2.141925,0.47092,0.16512,0.13619
1694787803492187,-9.543014,0.757263,2.157925,0.46092,0.19012,0.15619
1694787803500000,-9.556014,0.762263,2.157925,0.45692,0.12012,0.10519
1694787803507812,-9.552014,0.760263,2.168925,0.47192,0.10412,0.8919
1694787803515625,-9.549014,0.762263,2.184925,0.37292,0.4512,0.17919
1694787803523437,-9.552014,0.760263,2.195925,0.38992,0.9612,0.18119
1694787803531250,-9.554014,0.764263,2.197925,0.40992,0.8512,0.18419
1694787803539062,-9.547014,0.751263,2.193925,0.29892,0.3412,0.18119
1694787803546875,-9.534014,0.735263,2.209925,0.42592,0.10212,0.21619
1694787803554687,-9.517014,0.731263,2.204925,0.43692,0.19212,0.19719
1694787803562500,-9.499014,0.717263,2.215925,0.44992,0.10812,0.13119
1694787803570312,-9.497014,0.719263,2.213925,0.46992,0.13312,0.12019
1694787803578125,-9.488014,0.712263,2.215925,0.45092,0.8012,0.10119
1694787803585937,-9.488014,0.717263,2.204925,0.47392,0.7112,0.20119
1694787803593750,-9.502014,0.726263,2.204925,0.44992,0.1412,0.6919
1694787803601562,-9.497014,0.721263,2.213925,0.46592,0.4512,0.11619
1694787803609375,-9.497014,0.724263,2.215925,0.43392,0.2612,0.16319
1694787803617187,-9.500014,0.728263,2.217925,0.45292,0.8112,0.13419
1694787803625000,-9.506014,0.719263,2.215925,0.46992,0.14912,0.10419
1694787803632812,-9.515014,0.719263,2.200925,0.45892,0.18812,0.10719
1694787803640625,-9.533014,0.726263,2.181925,0.46892,0.14712,0.11919
1694787803648437,-9.540014,0.719263,2.166925,0.45792,0.17212,0.5919
1694787803656250,-9.553014,0.724263,2.159925,0.46592,0.17612,0.10119
1694787803664062,-9.565014,0.731263,2.164925,0.48792,0.17012,0.5819
1694787803671875,-9.583014,0.736263,2.159925,0.45792,0.15312,0.13819
1694787803679687,-9.588014,0.742263,2.148925,0.50792,0.15912,0.12519
1694787803687500,-9.579014,0.749263,2.141925,0.53292,0.612,0.4119
1694787803695312,-9.570014,0.753263,2.143925,0.55392,0.5388,0.14019
1694787803703125,-9.586014,0.754263,2.143925,0.53492,0.2688,0.13719
1694787803710937,-9.585014,0.745263,2.148925,0.55192,0.4188,0.12219
1694787803718750,-9.579014,0.747263,2.137925,0.56692,0.4388,0.17019
1694787803726562,-9.565014,0.762263,2.152925,0.53192,0.6188,0.8819
1694787803734375,-9.565014,0.760263,2.150925,0.48292,0.3088,0.3919
1694787803742187,-9.559014,0.764263,2.119925,0.50192,0.4288,0.4119
1694787803750000,-9.559014,0.762263,2.146925,0.48392,0.11088,0.5519
1694787803757812,-9.554014,0.767263,2.161925,0.44692,0.8788,0.6619
1694787803765625,-9.543014,0.779263,2.148925,0.48992,0.8688,0.7519
1694787803773437,-9.534014,0.773263,2.170925,0.36292,0.12288,0.15219
1694787803781250,-9.528014,0.779263,2.184925,0.41292,0.13788,0.20119
1694787803789062,-9.523014,0.773263,2.204925,0.47592,0.5788,0.25019
1694787803796875,-9.514014,0.757263,2.218925,0.45792,0.9288,0.23219
1694787803804687,-9.516014,0.759263,2.206925,0.47592,0.17088,0.21819
1694787803812500,-9.512014,0.755263,2.213925,0.47692,0.20388,0.28219
1694787803820312,-9.514014,0.761263,2.245925,0.46092,0.28388,0.23419
1694787803828125,-9.514014,0.762263,2.272925,0.49892,0.36088,0.21219
1694787803835937,-9.494014,0.774263,2.292925,0.65792,0.30988,0.21519
1694787803843750,-9.498014,0.766263,2.292925,0.66192,0.20588,0.20319
1694787803851562,-9.473014,0.770263,2.260925,0.51492,0.22988,0.19719
1694787803859375,-9.473014,0.756263,2.224925,0.60892,0.16188,0.10319
1694787803867187,-9.475014,0.759263,2.209925,0.71892,0.11088,0.4219
1694787803875000,-9.482014,0.750263,2.202925,0.70092,0.6788,0.8719
1694787803882812,-9.480014,0.734263,2.191925,0.70492,0.7688,0.4319
1694787803890625,-9.486014,0.732263,2.177925,0.73392,0.6388,0.5719
1694787803898437,-9.500014,0.730263,2.170925,0.76492,0.6388,0.4119
1694787803906250,-9.513014,0.735263,2.186925,0.79392,0.5188,0.4019
1694787803914062,-9.520014,0.750263,2.184925,0.74992,0.3188,0.5819
1694787803921875,-9.534014,0.766263,2.173925,0.70492,0.4388,0.4319
1694787803929687,-9.543014,0.775263,2.168925,0.71592,0.2812,0.8719
1694787803937500,-9.536014,0.786263,2.166925,0.70192,0.0,0.5619
1694787803945312,-9.519014,0.793263,2.168925,0.71892,0.4812,0.7319
1694787803953125,-9.521014,0.795263,2.163925,0.70092,0.3488,0.5519
1694787803960937,-9.519014,0.803263,2.175925,0.71092,0.1888,0.6319
1694787803968750,-9.519014,0.812263,2.168925,0.72192,0.2212,0.4419
1694787803976562,-9.528014,0.813263,2.177925,0.70892,0.2612,0.7719
1694787803984375,-9.539014,0.815263,2.175925,0.72192,0.5212,0.10719
1694787803992187,-9.535014,0.811263,2.168925,0.70392,0.3212,0.13719
1694787804000000,-9.552014,0.800263,2.177925,0.71992,0.1512,0.16919
1694787804007812,-9.562014,0.795263,2.179925,0.69292,0.5612,0.12519
1694787804015625,-9.559014,0.793263,2.186925,0.70492,0.112,0.13719
1694787804023437,-9.546014,0.815263,2.202925,0.72492,0.7312,0.12519
1694787804031250,-9.533014,0.819263,2.191925,0.65892,0.312,0.10619
1694787804039062,-9.521014,0.817263,2.184925,0.66992,0.0,0.2419
1694787804046875,-9.510014,0.830263,2.195925,0.67292,0.5312,0.4219
1694787804054687,-9.506014,0.808263,2.189925,0.60292,0.4812,0.7919
1694787804062500,-9.501014,0.814263,2.200925,0.48792,0.5512,0.8919
1694787804070312,-9.501014,0.799263,2.193925,0.52092,0.5912,0.6019
1694787804078125,-9.501014,0.794263,2.207925,0.46092,0.4612,0.9319
1694787804085937,-9.503014,0.792263,2.211925,0.47592,0.5912,0.15519
1694787804093750,-9.510014,0.772263,2.209925,0.46392,0.1512,0.15819
1694787804101562,-9.514014,0.775263,2.211925,0.47392,0.5788,0.16919
1694787804109375,-9.523014,0.775263,2.213925,0.45592,0.2488,0.5719
1694787804117187,-9.523014,0.777263,2.224925,0.47192,0.3812,0.10519
1694787804125000,-9.532014,0.777263,2.222925,0.45992,0.1212,0.9219
1694787804132812,-9.534014,0.773263,2.227925,0.54892,0.5988,0.8919
1694787804140625,-9.529014,0.773263,2.222925,0.57792,0.4912,0.10319
1694787804148437,-9.541014,0.768263,2.218925,0.59892,0.4212,0.7619
1694787804156250,-9.536014,0.757263,2.211925,0.61792,0.4612,0.9519
1694787804164062,-9.521014,0.757263,2.200925,0.67792,0.7512,0.6119
1694787804171875,-9.509014,0.755263,2.182925,0.62592,0.1088,0.3781
1694787804179687,-9.500014,0.741263,2.177925,0.65392,0.3288,0.881
1694787804187500,-9.502014,0.752263,2.170925,0.59292,0.4488,0.681
1694787804195312,-9.500014,0.748263,2.161925,0.57892,0.612,0.581
1694787804203125,-9.514014,0.750263,2.139925,0.57792,0.2888,0.919
1694787804210937,-9.538014,0.760263,2.148925,0.57192,0.388,0.5881
1694787804218750,-9.570014,0.760263,2.132925,0.64492,0.2812,0.3381
1694787804226562,-9.599014,0.760263,2.130925,0.55892,0.7988,0.7281
1694787804234375,-9.610014,0.761263,2.123925,0.67292,0.1088,0.2081
1694787804242187,-9.626014,0.759263,2.128925,0.57792,0.4488,0.819
1694787804250000,-9.624014,0.754263,2.141925,0.60892,0.7788,0.2519
1694787804257812,-9.613014,0.756263,2.152925,0.66192,0.8888,0.10819
1694787804265625,-9.603014,0.758263,2.157925,0.68292,0.8588,0.2119
1694787804273437,-9.586014,0.760263,2.161925,0.68592,0.17888,0.4019
1694787804281250,-9.574014,0.765263,2.164925,0.65692,0.19288,0.7219
1694787804289062,-9.577014,0.765263,2.179925,0.68392,0.22988,0.2219
1694787804296875,-9.572014,0.758263,2.208925,0.71592,0.21388,0.3919
1694787804304687,-9.565014,0.762263,2.213925,0.70192,0.17888,0.4019
1694787804312500,-9.559014,0.766263,2.215925,0.68992,0.25288,0.1119
1694787804320312,-9.550014,0.773263,2.213925,0.72192,0.31788,0.2719
1694787804328125,-9.543014,0.771263,2.213925,0.70692,0.26688,0.2819
1694787804335937,-9.530014,0.784263,2.204925,0.72292,0.31388,0.281
1694787804343750,-9.514014,0.786263,2.193925,0.70492,0.23588,0.2081
1694787804351562,-9.501014,0.786263,2.177925,0.71792,0.23988,0.5481
1694787804359375,-9.508014,0.788263,2.166925,0.73792,0.28288,0.381
1694787804367187,-9.523014,0.784263,2.150925,0.70692,0.20388,0.6019
1694787804375000,-9.526014,0.790263,2.143925,0.70792,0.31588,0.7619
1694787804382812,-9.539014,0.797263,2.155925,0.65892,0.36688,0.7419
1694787804390625,-9.559014,0.795263,2.159925,0.59392,0.33888,0.7219
1694787804398437,-9.555014,0.798263,2.152925,0.66992,0.45688,0.10219
1694787804406250,-9.559014,0.793263,2.143925,0.61292,0.39988,0.12119
1694787804414062,-9.548014,0.795263,2.177925,0.60692,0.34188,0.3819
1694787804421875,-9.545014,0.780263,2.200925,0.48392,0.39188,0.16419
1694787804429687,-9.532014,0.773263,2.215925,0.59192,0.37488,0.11719
1694787804437500,-9.516014,0.761263,2.213925,0.62492,0.34088,0.11919
1694787804445312,-9.505014,0.752263,2.227925,0.67292,0.35488,0.8819
1694787804453125,-9.486014,0.748263,2.233925,0.70092,0.34488,0.11819
1694787804460937,-9.471014,0.752263,2.231925,0.71492,0.36288,0.8519
1694787804468750,-9.446014,0.760263,2.231925,0.69892,0.29788,0.6919
1694787804476562,-9.424014,0.760263,2.226925,0.71592,0.14988,0.8619
1694787804484375,-9.415014,0.769263,2.235925,0.73292,0.18088,0.7119
1694787804492187,-9.411014,0.778263,2.238925,0.73692,0.17488,0.9019
1694787804500000,-9.426014,0.782263,2.236925,0.77892,0.8288,0.819
1694787804507812,-9.426014,0.787263,2.218925,0.73592,0.9488,0.9019
1694787804515625,-9.447014,0.789263,2.215925,0.73192,0.8288,0.2419
1694787804523437,-9.472014,0.794263,2.206925,0.75192,0.9288,0.5919
1694787804531250,-9.503014,0.797263,2.204925,0.73792,0.5988,0.9119
1694787804539062,-9.521014,0.795263,2.200925,0.90892,0.10988,0.6119
1694787804546875,-9.539014,0.802263,2.195925,0.79592,0.6588,0.5719
1694787804554687,-9.568014,0.813263,2.195925,0.85892,0.9888,0.10519
1694787804562500,-9.573014,0.816263,2.204925,0.81192,0.11388,0.5819
1694787804570312,-9.571014,0.816263,2.200925,0.73492,0.12988,0.10519
1694787804578125,-9.564014,0.829263,2.197925,0.85892,0.9688,0.4219
1694787804585937,-9.553014,0.833263,2.200925,0.87292,0.9888,0.681
1694787804593750,-9.533014,0.828263,2.218925,0.84392,0.8088,0.7419
1694787804601562,-9.519014,0.830263,2.209925,0.78292,0.4588,0.4319
1694787804609375,-9.513014,0.846263,2.227925,0.76392,0.6588,0.5619
1694787804617187,-9.483014,0.848263,2.227925,0.74692,0.11488,0.2381
1694787804625000,-9.483014,0.839263,2.227925,0.70092,0.4988,0.781
1694787804632812,-9.475014,0.852263,2.229925,0.73992,0.5588,0.6119
1694787804640625,-9.479014,0.845263,2.233925,0.65692,0.1288,0.1019
1694787804648437,-9.481014,0.854263,2.240925,0.68592,0.1488,0.2281
1694787804656250,-9.484014,0.852263,2.229925,0.65592,0.212,0.2519
1694787804664062,-9.486014,0.856263,2.238925,0.56192,0.5112,0.2419
1694787804671875,-9.500014,0.856263,2.236925,0.53492,0.1012,0.2081
1694787804679687,-9.506014,0.841263,2.245925,0.53192,0.2012,0.5619
1694787804687500,-9.515014,0.830263,2.233925,0.53292,0.612,0.4119
1694787804695312,-9.521014,0.815263,2.213925,0.46892,0.4488,0.5519
1694787804703125,-9.535014,0.799263,2.213925,0.54892,0.1088,0.4119
1694787804710937,-9.537014,0.804263,2.218925,0.62892,0.2488,0.5919
1694787804718750,-9.539014,0.808263,2.233925,0.57992,0.5988,0.2519
1694787804726562,-9.528014,0.808263,2.245925,0.70892,0.5388,0.4619
1694787804734375,-9.519014,0.826263,2.251925,0.65692,0.4588,0.5719
1694787804742187,-9.526014,0.821263,2.236925,0.65892,0.9288,0.9019
1694787804750000,-9.519014,0.832263,2.229925,0.61192,0.9288,0.7419
1694787804757812,-9.515014,0.815263,2.236925,0.59592,0.7588,0.7319
1694787804765625,-9.516014,0.806263,2.215925,0.63792,0.10088,0.8619
1694787804773437,-9.512014,0.797263,2.233925,0.62192,0.8388,0.7019
1694787804781250,-9.521014,0.793263,2.231925,0.65692,0.11088,0.4119
1694787804789062,-9.537014,0.797263,2.224925,0.70092,0.6588,0.4019
1694787804796875,-9.545014,0.798263,2.226925,0.63592,0.6988,0.5319
1694787804804687,-9.546014,0.795263,2.236925,0.54992,0.9088,0.4219
1694787804812500,-9.552014,0.798263,2.233925,0.57792,0.15988,0.5619
1694787804820312,-9.546014,0.795263,2.240925,0.54592,0.9888,0.10219
1694787804828125,-9.523014,0.806263,2.238925,0.58992,0.10088,0.5319
1694787804835937,-9.505014,0.815263,2.242925,0.59192,0.4988,0.3919
1694787804843750,-9.501014,0.826263,2.229925,0.65692,0.4588,0.5719
1694787804851562,-9.486014,0.832263,2.233925,0.59292,0.7988,0.3919
1694787804859375,-9.479014,0.830263,2.227925,0.59692,0.10688,0.7419
1694787804867187,-9.477014,0.825263,2.242925,0.61092,0.5988,0.4219
1694787804875000,-9.479014,0.836263,2.265925,0.55792,0.13288,0.2119
1694787804882812,-9.470014,0.823263,2.274925,0.62492,0.7788,0.4119
1694787804890625,-9.474014,0.814263,2.279925,0.51892,0.10488,0.2619
1694787804898437,-9.465014,0.807263,2.283925,0.53492,0.5588,0.4319
1694787804906250,-9.467014,0.796263,2.279925,0.62792,0.7188,0.381
1694787804914062,-9.469014,0.787263,2.290925,0.59692,0.5788,0.4319
1694787804921875,-9.469014,0.787263,2.285925,0.60992,0.6188,0.5719
1694787804929687,-9.483014,0.792263,2.276925,0.59392,0.9688,0.8719
1694787804937500,-9.483014,0.792263,2.274925,0.62392,0.1612,0.7219
1694787804945312,-9.499014,0.797263,2.258925,0.67692,0.4012,0.9219
1694787804953125,-9.503014,0.803263,2.238925,0.66292,0.2812,0.7819
1694787804960937,-9.501014,0.797263,2.233925,0.62892,0.5412,0.10719
1694787804968750,-9.510014,0.790263,2.231925,0.61292,0.512,0.9019
1694787804976562,-9.505014,0.795263,2.238925,0.54692,0.3412,0.4019
1694787804984375,-9.516014,0.786263,2.233925,0.48692,0.612,0.5719
1694787804992187,-9.519014,0.795263,2.238925,0.58092,0.3812,0.7419
1694787805000000,-9.519014,0.792263,2.243925,0.58592,0.7712,0.9319
1694787805007812,-9.508014,0.797263,2.225925,0.55192,0.488,0.1219
1694787805015625,-9.501014,0.794263,2.231925,0.62892,0.5788,0.7519
1694787805023437,-9.503014,0.799263,2.242925,0.68992,0.5988,0.5919
1694787805031250,-9.501014,0.801263,2.249925,0.70892,0.688,0.6119
1694787805039062,-9.510014,0.801263,2.251925,0.72092,0.5512,0.1219
1694787805046875,-9.501014,0.788263,2.249925,0.70692,0.1012,0.281
1694787805054687,-9.496014,0.777263,2.236925,0.70292,0.2888,0.3781
1694787805062500,-9.503014,0.768263,2.245925,0.72092,0.4312,0.9881
1694787805070312,-9.505014,0.759263,2.236925,0.68592,0.2012,0.10181
1694787805078125,-9.512014,0.763263,2.247925,0.70492,0.12312,0.9881
1694787805085937,-9.503014,0.781263,2.247925,0.71792,0.5312,0.8581
1694787805093750,-9.501014,0.792263,2.231925,0.70692,0.3688,0.6581
1694787805101562,-9.501014,0.797263,2.225925,0.72292,0.6112,0.8081
1694787805109375,-9.501014,0.797263,2.238925,0.70092,0.8412,0.8581
1694787805117187,-9.501014,0.814263,2.236925,0.72192,0.812,0.381
1694787805125000,-9.508014,0.823263,2.238925,0.70592,0.5588,0.3481
1694787805132812,-9.526014,0.824263,2.245925,0.75392,0.3688,0.4981
1694787805140625,-9.535014,0.819263,2.247925,0.73692,0.12088,0.3581
1694787805148437,-9.542014,0.833263,2.229925,0.73392,0.4288,0.8481
1694787805156250,-9.539014,0.826263,2.240925,0.74892,0.10888,0.8481
1694787805164062,-9.535014,0.822263,2.231925,0.71892,0.7788,0.581
1694787805171875,-9.519014,0.813263,2.233925,0.78092,0.9488,0.2181
1694787805179687,-9.515014,0.808263,2.229925,0.72192,0.5788,0.1219
1694787805187500,-9.503014,0.812263,2.238925,0.73292,0.14388,0.3881
1694787805195312,-9.496014,0.801263,2.258925,0.76692,0.12588,0.481
1694787805203125,-9.490014,0.801263,2.258925,0.81392,0.7388,0.6681
1694787805210937,-9.478014,0.801263,2.271925,0.82392,0.8388,0.3981
1694787805218750,-9.478014,0.801263,2.274925,0.81292,0.9288,0.6881
1694787805226562,-9.474014,0.801263,2.265925,0.78292,0.9088,0.3581
1694787805234375,-9.481014,0.803263,2.274925,0.73492,0.612,0.6881
1694787805242187,-9.470014,0.805263,2.287925,0.70392,0.4288,0.3681
1694787805250000,-9.470014,0.805263,2.270925,0.72192,0.6988,0.8181
1694787805257812,-9.487014,0.808263,2.245925,0.71692,0.1288,0.8581
1694787805265625,-9.503014,0.812263,2.240925,0.70492,0.5588,0.11581
1694787805273437,-9.514014,0.801263,2.247925,0.71892,0.2212,0.6881
1694787805281250,-9.537014,0.804263,2.249925,0.65892,0.3888,0.3581
1694787805289062,-9.537014,0.802263,2.245925,0.65792,0.4088,0.5281
1694787805296875,-9.552014,0.789263,2.240925,0.61892,0.5088,0.7381
1694787805304687,-9.556014,0.776263,2.226925,0.56992,0.8788,0.4481
1694787805312500,-9.554014,0.775263,2.242925,0.57792,0.7588,0.5481
1694787805320312,-9.545014,0.775263,2.242925,0.65592,0.11088,0.681
1694787805328125,-9.530014,0.764263,2.236925,0.62592,0.2688,0.581
1694787805335937,-9.523014,0.768263,2.249925,0.57692,0.9188,0.8681
1694787805343750,-9.507014,0.784263,2.256925,0.66792,0.11488,0.5681
1694787805351562,-9.501014,0.788263,2.267925,0.57792,0.9188,0.3881
1694787805359375,-9.487014,0.796263,2.276925,0.62392,0.14188,0.5481
1694787805367187,-9.487014,0.794263,2.290925,0.65792,0.7388,0.5281
1694787805375000,-9.501014,0.797263,2.269925,0.62292,0.6188,0.8681
1694787805382812,-9.505014,0.792263,2.269925,0.62392,0.7588,0.10281
1694787805390625,-9.512014,0.794263,2.270925,0.64492,0.3488,0.11381
1694787805398437,-9.514014,0.779263,2.256925,0.59392,0.2488,0.10181
1694787805406250,-9.537014,0.786263,2.240925,0.56292,0.8988,0.6981
1694787805414062,-9.541014,0.779263,2.231925,0.62592,0.5788,0.8481
1694787805421875,-9.546014,0.780263,2.220925,0.56192,0.7388,0.10181
1694787805429687,-9.552014,0.777263,2.215925,0.58092,0.7188,0.3681
1694787805437500,-9.541014,0.773263,2.211925,0.68692,0.7588,0.8581
1694787805445312,-9.539014,0.777263,2.211925,0.62792,0.8788,0.3681
1694787805453125,-9.543014,0.782263,2.222925,0.62392,0.7588,0.10281
1694787805460937,-9.550014,0.780263,2.213925,0.70392,0.8988,0.8481
1694787805468750,-9.536014,0.773263,2.206925,0.68892,0.5788,0.6881
1694787805476562,-9.543014,0.757263,2.218925,0.69292,0.10088,0.4981
1694787805484375,-9.543014,0.762263,2.236925,0.61192,0.8788,0.3681
1694787805492187,-9.531014,0.757263,2.229925,0.69792,0.14988,0.5781
1694787805500000,-9.518014,0.773263,2.249925,0.62292,0.20888,0.3981
1694787805507812,-9.500014,0.779263,2.251925,0.66792,0.22788,0.5681
1694787805515625,-9.501014,0.779263,2.252925,0.62892,0.15188,0.3581
1694787805523437,-9.496014,0.786263,2.285925,0.62092,0.8188,0.5681
1694787805531250,-9.492014,0.790263,2.272925,0.70392,0.20488,0.3781
1694787805539062,-9.485014,0.792263,2.272925,0.71692,0.12688,0.5481
1694787805546875,-9.496014,0.781263,2.267925,0.65492,0.4488,0.3881
1694787805554687,-9.487014,0.779263,2.267925,0.62592,0.5988,0.2181
1694787805562500,-9.494014,0.777263,2.254925,0.57792,0.4288,0.5481
1694787805570312,-9.480014,0.754263,2.245925,0.62492,0.5988,0.3781
1694787805578125,-9.496014,0.761263,2.233925,0.51592,0.12288,0.5481
1694787805585937,-9.500014,0.759263,2.247925,0.59492,0.8988,0.3781
1694787805593750,-9.494014,0.766263,2.229925,0.63892,0.7788,0.5481
1694787805601562,-9.502014,0.761263,2.249925,0.63892,0.15988,0.3981
1694787805609375,-9.509014,0.759263,2.258925,0.60892,0.12488,0.5481
1694787805617187,-9.518014,0.759263,2.258925,0.56392,0.10688,0.3781
1694787805625000,-9.523014,0.753263,2.245925,0.51392,0.9388,0.2481
1694787805632812,-9.543014,0.749263,2.211925,0.45092,0.17588,0.4181
1694787805640625,-9.554014,0.729263,2.206925,0.49592,0.22688,0.2681
1694787805648437,-9.552014,0.724263,2.195925,0.59892,0.21288,0.5081
1694787805656250,-9.540014,0.706263,2.213925,0.62392,0.14188,0.5481
1694787805664062,-9.535014,0.700263,2.224925,0.66792,0.24388,0.4081
1694787805671875,-9.540014,0.695263,2.224925,0.66892,0.17588,0.8781
1694787805679687,-9.531014,0.699263,2.231925,0.70292,0.5988,0.8581
1694787805687500,-9.531014,0.699263,2.233925,0.71992,0.18888,0.3681
1694787805695312,-9.517014,0.695263,2.242925,0.70392,0.17188,0.5281
1694787805703125,-9.502014,0.697263,2.251925,0.71892,0.17488,0.3781
1694787805710937,-9.491014,0.717263,2.265925,0.70292,0.17388,0.5381
1694787805718750,-9.468014,0.716263,2.260925,0.74992,0.15788,0.3781
1694787805726562,-9.448014,0.727263,2.265925,0.75292,0.12188,0.1881
1694787805734375,-9.439014,0.731263,2.281925,0.76692,0.5788,0.5181
1694787805742187,-9.430014,0.729263,2.283925,0.79692,0.4588,0.3681
1694787805750000,-9.428014,0.722263,2.290925,0.84592,0.5788,0.3481
1694787805757812,-9.430014,0.729263,2.292925,0.90692,0.2688,0.5081
1694787805765625,-9.428014,0.727263,2.296925,0.89292,0.4188,0.3381
1694787805773437,-9.455014,0.727263,2.283925,0.96692,0.6388,0.8481
1694787805781250,-9.480014,0.741263,2.274925,0.95192,0.2888,0.9981
1694787805789062,-9.502014,0.730263,2.263925,0.92292,0.3812,0.9781
1694787805796875,-9.529014,0.724263,2.254925,0.92692,0.1112,0.7981
1694787805804687,-9.549014,0.733263,2.229925,0.93992,0.3988,0.12881
1694787805812500,-9.565014,0.749263,2.231925,0.96692,0.1488,0.8381
1694787805820312,-9.572014,0.758263,2.218925,0.93492,0.4788,0.8481
1694787805828125,-9.572014,0.760263,2.213925,0.91992,0.6388,0.5281
1694787805835937,-9.575014,0.760263,2.213925,0.81492,0.3888,0.9781
1694787805843750,-9.557014,0.775263,2.216925,0.78692,0.5188,0.4881
1694787805851562,-9.550014,0.764263,2.229925,0.75092,0.7388,0.6781
1694787805859375,-9.552014,0.771263,2.231925,0.70292,0.6388,0.5719
1694787805867187,-9.545014,0.786263,2.249925,0.70192,0.9688,0.819
1694787805875000,-9.537014,0.782263,2.269925,0.71992,0.18888,0.481
1694787805882812,-9.521014,0.790263,2.278925,0.55792,0.22988,0.519
1694787805890625,-9.517014,0.801263,2.287925,0.56292,0.23988,0.2419
1694787805898437,-9.501014,0.808263,2.303925,0.60692,0.22588,0.2481
1694787805906250,-9.503014,0.786263,2.310925,0.57492,0.13088,0.3819
1694787805914062,-9.485014,0.777263,2.299925,0.47992,0.16588,0.1919
1694787805921875,-9.473014,0.765263,2.321925,0.45192,0.11088,0.2319
1694787805929687,-9.469014,0.763263,2.308925,0.46492,0.13088,0.519
1694787805937500,-9.460014,0.749263,2.308925,0.51792,0.13988,0.5719
1694787805945312,-9.464014,0.738263,2.312925,0.46892,0.7588,0.2381
1694787805953125,-9.482014,0.719263,2.294925,0.46792,0.4488,0.719
1694787805960937,-9.479014,0.730263,2.283925,0.45092,0.6388,0.2219
1694787805968750,-9.477014,0.721263,2.292925,0.46692,0.4688,0.2219
1694787805976562,-9.480014,0.725263,2.278925,0.48392,0.5888,0.3981
1694787805984375,-9.491014,0.723263,2.281925,0.45492,0.5688,0.681
1694787805992187,-9.502014,0.726263,2.267925,0.45492,0.4288,0.5619
1694787806000000,-9.500014,0.721263,2.269925,0.46992,0.5788,0.681
1694787806007812,-9.511014,0.710263,2.265925,0.48592,0.2688,0.4119
1694787806015625,-9.515014,0.706263,2.258925,0.50192,0.4288,0.5719
1694787806023437,-9.513014,0.692263,2.251925,0.50292,0.5588,0.1019
1694787806031250,-9.517014,0.701263,2.256925,0.45392,0.5988,0.819
1694787806039062,-9.513014,0.701263,2.251925,0.50292,0.4088,0.5819
1694787806046875,-9.515014,0.697263,2.252925,0.49092,0.4988,0.1881
1694787806054687,-9.515014,0.699263,2.227925,0.46892,0.9488,0.5519
1694787806062500,-9.524014,0.677263,2.247925,0.61192,0.10888,0.7319
1694787806070312,-9.515014,0.686263,2.245925,0.48792,0.16788,0.581
1694787806078125,-9.515014,0.686263,2.242925,0.62292,0.11488,0.3819
1694787806085937,-9.519014,0.679263,2.249925,0.60792,0.11088,0.2381
1694787806093750,-9.515014,0.690263,2.242925,0.63692,0.9888,0.881
1694787806101562,-9.499014,0.699263,2.269925,0.58092,0.9088,0.4219
1694787806109375,-9.502014,0.708263,2.274925,0.58092,0.5788,0.1019
1694787806117187,-9.493014,0.703263,2.285925,0.59492,0.7388,0.3781
1694787806125000,-9.475014,0.707263,2.281925,0.57892,0.9288,0.919
1694787806132812,-9.473014,0.712263,2.292925,0.59892,0.5588,0.9219
1694787806140625,-9.459014,0.712263,2.301925,0.65992,0.5588,0.381
1694787806148437,-9.452014,0.707263,2.317925,0.65592,0.4788,0.7219
1694787806156250,-9.457014,0.705263,2.310925,0.68592,0.9888,0.5519
1694787806164062,-9.457014,0.705263,2.303925,0.71992,0.4588,0.4219
1694787806171875,-9.454014,0.707263,2.299925,0.70292,0.1488,0.2519
1694787806179687,-9.463014,0.701263,2.285925,0.72292,0.712,0.6019
1694787806187500,-9.463014,0.701263,2.287925,0.70592,0.812,0.1981
1694787806195312,-9.477014,0.708263,2.278925,0.71792,0.412,0.5381
1694787806203125,-9.504014,0.706263,2.267925,0.68392,0.6588,0.4081
1694787806210937,-9.533014,0.709263,2.274925,0.69992,0.3288,0.5581
1694787806218750,-9.567014,0.709263,2.285925,0.71892,0.7588,0.3681
1694787806226562,-9.574014,0.716263,2.272925,0.62392,0.9688,0.4019
1694787806234375,-9.576014,0.709263,2.276925,0.60892,0.9188,0.3881
1694787806242187,-9.564014,0.707263,2.272925,0.59092,0.6588,0.619
1694787806250000,-9.549014,0.695263,2.272925,0.62392,0.9488,0.2381
1694787806257812,-9.531014,0.693263,2.263925,0.51692,0.17488,0.7219
1694787806265625,-9.510014,0.690263,2.274925,0.59492,0.17688,0.10419
1694787806273437,-9.501014,0.692263,2.285925,0.51492,0.12888,0.8619
1694787806281250,-9.501014,0.686263,2.290925,0.54892,0.12488,0.7319
1694787806289062,-9.499014,0.690263,2.292925,0.63792,0.16588,0.8519
1694787806296875,-9.513014,0.688263,2.301925,0.66992,0.22788,0.2319
1694787806304687,-9.515014,0.690263,2.305925,0.68492,0.19688,0.5519
1694787806312500,-9.513014,0.688263,2.312925,0.72092,0.25488,0.4319
1694787806320312,-9.513014,0.692263,2.312925,0.70592,0.17288,0.5919
1694787806328125,-9.522014,0.690263,2.303925,0.72092,0.17288,0.2719
1694787806335937,-9.508014,0.704263,2.317925,0.70092,0.24388,0.3919
1694787806343750,-9.499014,0.706263,2.332925,0.71292,0.10288,0.2581
1694787806351562,-9.492014,0.704263,2.330925,0.69592,0.13788,0.419
1694787806359375,-9.484014,0.708263,2.326925,0.70192,0.9488,0.5481
1694787806367187,-9.488014,0.710263,2.335925,0.70492,0.15588,0.481
1694787806375000,-9.470014,0.721263,2.335925,0.70292,0.22588,0.2519
1694787806382812,-9.468014,0.719263,2.326925,0.69892,0.16388,0.5681
1694787806390625,-9.484014,0.717263,2.328925,0.69792,0.19888,0.981
1694787806398437,-9.479014,0.728263,2.321925,0.71292,0.32788,0.5781
1694787806406250,-9.482014,0.721263,2.312925,0.69792,0.37688,0.1081
1694787806414062,-9.488014,0.708263,2.305925,0.71892,0.31988,0.3781
1694787806421875,-9.502014,0.706263,2.303925,0.70092,0.34088,0.819
1694787806429687,-9.508014,0.708263,2.312925,0.71892,0.28888,0.2519
1694787806437500,-9.515014,0.719263,2.323925,0.77692,0.34488,0.981
1694787806445312,-9.517014,0.713263,2.321925,0.71392,0.27888,0.5781
1694787806453125,-9.513014,0.713263,2.332925,0.73192,0.22788,0.2381
1694787806460937,-9.504014,0.726263,2.344925,0.71392,0.21488,0.981
1694787806468750,-9.504014,0.737263,2.339925,0.69492,0.15788,0.8219
1694787806476562,-9.498014,0.744263,2.328925,0.71492,0.18288,0.5419
1694787806484375,-9.477014,0.748263,2.321925,0.70092,0.22988,0.7119
1694787806492187,-9.486014,0.746263,2.321925,0.69692,0.28488,0.8319
1694787806500000,-9.469014,0.743263,2.326925,0.71992,0.22388,0.5819
1694787806507812,-9.464014,0.727263,2.319925,0.70092,0.18088,0.7119
1694787806515625,-9.468014,0.723263,2.319925,0.68692,0.27688,0.8719
1694787806523437,-9.461014,0.723263,2.323925,0.71792,0.24388,0.7219
1694787806531250,-9.470014,0.719263,2.321925,0.69992,0.19888,0.7019
1694787806539062,-9.470014,0.707263,2.317925,0.71992,0.23988,0.7419
1694787806546875,-9.468014,0.701263,2.310925,0.70292,0.14388,0.4119
1694787806554687,-9.479014,0.712263,2.323925,0.71592,0.6588,0.819
1694787806562500,-9.483014,0.708263,2.316925,0.69592,0.15388,0.419
1694787806570312,-9.493014,0.706263,2.328925,0.71592,0.9888,0.819
1694787806578125,-9.504014,0.710263,2.332925,0.69892,0.6988,0.5419
1694787806585937,-9.506014,0.708263,2.332925,0.73392,0.4788,0.2519
1694787806593750,-9.502014,0.712263,2.339925,0.71992,0.6188,0.4219
1694787806601562,-9.504014,0.710263,2.348925,0.70592,0.4388,0.5919
1694787806609375,-9.489014,0.719263,2.337925,0.78692,0.5388,0.1519
1694787806617187,-9.495014,0.719263,2.350925,0.74792,0.3588,0.5619
1694787806625000,-9.486014,0.724263,2.346925,0.72792,0.9088,0.5219
1694787806632812,-9.475014,0.723263,2.328925,0.69992,0.4888,0.2381
1694787806640625,-9.482014,0.728263,2.326925,0.72092,0.2488,0.3581
1694787806648437,-9.477014,0.741263,2.321925,0.71792,0.3088,0.2519
1694787806656250,-9.478014,0.750263,2.321925,0.70292,0.4788,0.5719
1694787806664062,-9.471014,0.754263,2.324925,0.69092,0.2412,0.2819
1694787806671875,-9.475014,0.750263,2.317925,0.72092,0.2012,0.5919
1694787806679687,-9.462014,0.738263,2.326925,0.72092,0.2688,0.4319
1694787806687500,-9.453014,0.720263,2.342925,0.69192,0.888,0.6019
1694787806695312,-9.453014,0.725263,2.346925,0.70792,0.2588,0.10819
1694787806703125,-9.470014,0.716263,2.353925,0.72192,0.712,0.2819
1694787806710937,-9.470014,0.716263,2.357925,0.70192,0.1688,0.5619
1694787806718750,-9.479014,0.725263,2.357925,0.70292,0.412,0.581
1694787806726562,-9.482014,0.743263,2.364925,0.72092,0.8512,0.4319
1694787806734375,-9.473014,0.741263,2.373925,0.70892,0.5912,0.4619
1694787806742187,-9.482014,0.752263,2.377925,0.71592,0.4412,0.5519
1694787806750000,-9.486014,0.757263,2.373925,0.68092,0.2412,0.5219
1694787806757812,-9.498014,0.755263,2.368925,0.63992,0.8112,0.4019
1694787806765625,-9.500014,0.759263,2.346925,0.65292,0.6112,0.5419
1694787806773437,-9.500014,0.757263,2.337925,0.65392,0.6312,0.2319
1694787806781250,-9.516014,0.746263,2.335925,0.57792,0.212,0.4019
1694787806789062,-9.516014,0.739263,2.310925,0.64192,0.5312,0.5819
1694787806796875,-9.509014,0.730263,2.303925,0.61192,0.5512,0.4319
1694787806804687,-9.513014,0.733263,2.301925,0.63992,0.0,0.7219
1694787806812500,-9.509014,0.730263,2.308925,0.66992,0.0,0.4019
1694787806820312,-9.515014,0.735263,2.301925,0.59092,0.3488,0.3819
1694787806828125,-9.517014,0.735263,2.314925,0.57292,0.588,0.5219
1694787806835937,-9.520014,0.726263,2.317925,0.62192,0.0,0.2481
1694787806843750,-9.511014,0.742263,2.328925,0.58792,0.4112,0.9919
1694787806851562,-9.502014,0.743263,2.339925,0.59592,0.7112,0.4319
1694787806859375,-9.504014,0.737263,2.341925,0.60292,0.788,0.5119
1694787806867187,-9.484014,0.735263,2.346925,0.52692,0.6112,0.5319
1694787806875000,-9.488014,0.725263,2.350925,0.61292,0.1088,0.10619
1694787806882812,-9.484014,0.725263,2.364925,0.62692,0.2688,0.2619
1694787806890625,-9.477014,0.723263,2.353925,0.61192,0.2212,0.5819
1694787806898437,-9.473014,0.723263,2.353925,0.62892,0.5712,0.6019
1694787806906250,-9.459014,0.732263,2.362925,0.59192,0.288,0.8619
1694787806914062,-9.461014,0.723263,2.344925,0.68592,0.5188,0.10319
1694787806921875,-9.466014,0.723263,2.344925,0.59992,0.2288,0.10819
1694787806929687,-9.484014,0.732263,2.355925,0.61092,0.2888,0.7319
1694787806937500,-9.482014,0.741263,2.339925,0.71692,0.3588,0.8719
1694787806945312,-9.500014,0.732263,2.339925,0.64292,0.5988,0.5819
1694787806953125,-9.500014,0.728263,2.330925,0.57892,0.1288,0.5719
1694787806960937,-9.500014,0.724263,2.319925,0.56092,0.1488,0.719
1694787806968750,-9.513014,0.713263,2.314925,0.51592,0.6188,0.7219
1694787806976562,-9.520014,0.728263,2.319925,0.56592,0.5788,0.7419
1694787806984375,-9.504014,0.721263,2.330925,0.61692,0.1688,0.1519
1694787806992187,-9.502014,0.728263,2.341925,0.70592,0.4388,0.5919
1694787807000000,-9.493014,0.721263,2.339925,0.70592,0.7688,0.7519
1694787807007812,-9.493014,0.721263,2.341925,0.64192,0.312,0.7419
1694787807015625,-9.484014,0.708263,2.341925,0.70492,0.6188,0.9019
1694787807023437,-9.477014,0.699263,2.348925,0.70592,0.1288,0.10619
1694787807031250,-9.465014,0.703263,2.348925,0.65092,0.8788,0.5219
1694787807039062,-9.461014,0.694263,2.341925,0.61292,0.4188,0.5919
1694787807046875,-9.463014,0.703263,2.364925,0.67092,0.3088,0.2519
1694787807054687,-9.459014,0.705263,2.362925,0.60992,0.1488,0.10419
1694787807062500,-9.464014,0.725263,2.362925,0.64292,0.1088,0.5819
1694787807070312,-9.459014,0.729263,2.366925,0.73692,0.5988,0.4319
1694787807078125,-9.471014,0.721263,2.364925,0.70792,0.2412,0.6019
1694787807085937,-9.466014,0.730263,2.364925,0.71692,0.3212,0.2519
1694787807093750,-9.468014,0.716263,2.353925,0.72292,0.8712,0.9219
1694787807101562,-9.477014,0.723263,2.339925,0.70292,0.1812,0.2519
1694787807109375,-9.477014,0.723263,2.339925,0.68892,0.3612,0.4219
1694787807117187,-9.495014,0.719263,2.335925,0.72292,0.7112,0.7619
1694787807125000,-9.502014,0.723263,2.317925,0.70692,0.8712,0.6019
1694787807132812,-9.511014,0.721263,2.317925,0.72492,0.9112,0.4619
1694787807140625,-9.517014,0.706263,2.314925,0.78192,0.3612,0.2081
1694787807148437,-9.508014,0.706263,2.321925,0.71892,0.5312,0.5281
1694787807156250,-9.500014,0.712263,2.330925,0.75092,0.612,0.3581
1694787807164062,-9.518014,0.715263,2.332925,0.86192,0.712,0.3381
1694787807171875,-9.511014,0.710263,2.342925,0.83492,0.7912,0.4681
1694787807179687,-9.513014,0.726263,2.344925,0.79292,0.1412,0.3981
1694787807187500,-9.513014,0.726263,2.343925,0.71292,0.388,0.5781
1694787807195312,-9.509014,0.732263,2.333925,0.80092,0.4188,0.2919
1694787807203125,-9.513014,0.730263,2.346925,0.81292,0.4588,0.1119
1694787807210937,-9.504014,0.726263,2.337925,0.90392,0.1688,0.3781
1694787807218750,-9.500014,0.741263,2.323925,0.85992,0.11612,0.2819
1694787807226562,-9.500014,0.744263,2.328925,0.90792,0.8312,0.7619
1694787807234375,-9.488014,0.741263,2.321925,0.79392,0.7912,0.3881
1694787807242187,-9.480014,0.748263,2.326925,0.87792,0.1088,0.2919
1694787807250000,-9.478014,0.750263,2.321925,0.82692,0.6712,0.5281
1694787807257812,-9.478014,0.750263,2.310925,0.73792,0.5912,0.3381
1694787807265625,-9.478014,0.757263,2.317925,0.71692,0.3288,0.819
1694787807273437,-9.480014,0.743263,2.317925,0.73192,0.6788,0.5519
1694787807281250,-9.493014,0.744263,2.323925,0.71492,0.488,0.3819
1694787807289062,-9.504014,0.739263,2.319925,0.77992,0.8288,0.5719
1694787807296875,-9.525014,0.753263,2.308925,0.73592,0.9288,0.1119
1694787807304687,-9.538014,0.748263,2.326925,0.75192,0.7688,0.2719
1694787807312500,-9.545014,0.744263,2.350925,0.77892,0.9888,0.2419
1694787807320312,-9.538014,0.755263,2.355925,0.81292,0.7888,0.481
1694787807328125,-9.545014,0.758263,2.348925,0.79492,0.8288,0.2519
1694787807335937,-9.525014,0.764263,2.344925,0.72492,0.7088,0.4619
1694787807343750,-9.509014,0.757263,2.335925,0.72792,0.9888,0.8019
1694787807351562,-9.487014,0.743263,2.321925,0.70992,0.7088,0.9419
1694787807359375,-9.473014,0.738263,2.303925,0.72192,0.9088,0.4419
1694787807367187,-9.462014,0.741263,2.276925,0.67292,0.15788,0.2619
1694787807375000,-9.461014,0.736263,2.285925,0.66692,0.15188,0.5319
1694787807382812,-9.464014,0.723263,2.278925,0.69992,0.16388,0.2319
1694787807390625,-9.466014,0.718263,2.281925,0.64192,0.17488,0.5719
1694787807398437,-9.468014,0.721263,2.290925,0.64092,0.19288,0.7219
1694787807406250,-9.463014,0.732263,2.298925,0.68092,0.13988,0.8319
1694787807414062,-9.473014,0.750263,2.308925,0.65992,0.9088,0.9119
1694787807421875,-9.482014,0.743263,2.337925,0.63892,0.13188,0.5519
1694787807429687,-9.480014,0.759263,2.357925,0.67692,0.7288,0.7619
1694787807437500,-9.493014,0.759263,2.368925,0.67392,0.7888,0.8919
1694787807445312,-9.502014,0.743263,2.380925,0.62892,0.9088,0.7519
1694787807453125,-9.493014,0.739263,2.389925,0.59092,0.10088,0.8519
1694787807460937,-9.491014,0.737263,2.377925,0.63892,0.6588,0.7119
1694787807468750,-9.500014,0.737263,2.362925,0.61092,0.2888,0.8919
1694787807476562,-9.489014,0.739263,2.353925,0.61092,0.6912,0.5819
1694787807484375,-9.468014,0.725263,2.335925,0.58092,0.10412,0.4319
1694787807492187,-9.450014,0.714263,2.326925,0.70692,0.16712,0.9219
1694787807500000,-9.446014,0.721263,2.319925,0.70292,0.19612,0.2619
1694787807507812,-9.443014,0.709263,2.303925,0.71792,0.8312,0.581
1694787807515625,-9.443014,0.705263,2.289925,0.70092,0.11212,0.819
1694787807523437,-9.454014,0.707263,2.285925,0.71992,0.10012,0.4219
1694787807531250,-9.470014,0.710263,2.290925,0.70292,0.5112,0.681
1694787807539062,-9.495014,0.717263,2.287925,0.70692,0.4012,0.2819
1694787807546875,-9.507014,0.726263,2.301925,0.70792,0.8912,0.4519
1694787807554687,-9.506014,0.726263,2.321925,0.70392,0.1812,0.8919
1694787807562500,-9.517014,0.724263,2.319925,0.71592,0.1212,0.10319
1694787807570312,-9.522014,0.724263,2.342925,0.70892,0.8912,0.9319
1694787807578125,-9.524014,0.726263,2.341925,0.71692,0.4612,0.7219
1694787807585937,-9.526014,0.724263,2.341925,0.70092,0.3012,0.7219
1694787807593750,-9.526014,0.724263,2.337925,0.71792,0.1412,0.10419
1694787807601562,-9.515014,0.726263,2.330925,0.68692,0.4912,0.5619
1694787807609375,-9.513014,0.744263,2.337925,0.68692,0.1488,0.4119
1694787807617187,-9.509014,0.757263,2.350925,0.62692,0.2688,0.5819
1694787807625000,-9.500014,0.757263,2.348925,0.63192,0.2088,0.9319
1694787807632812,-9.502014,0.750263,2.348925,0.68992,0.3612,0.10619
1694787807640625,-9.500014,0.741263,2.332925,0.72192,0.2212,0.6019
1694787807648437,-9.500014,0.752263,2.328925,0.71792,0.4788,0.2519
1694787807656250,-9.502014,0.739263,2.319925,0.68892,0.1288,0.4219
1694787807664062,-9.513014,0.719263,2.308925,0.67492,0.3812,0.5919
1694787807671875,-9.500014,0.723263,2.301925,0.70392,0.2012,0.2619
1694787807679687,-9.499014,0.724263,2.301925,0.62192,0.188,0.3819
1694787807687500,-9.500014,0.739263,2.308925,0.70692,0.2488,0.4419
1694787807695312,-9.493014,0.739263,2.303925,0.72492,0.4212,0.6219
1694787807703125,-9.500014,0.743263,2.301925,0.70592,0.4188,0.2819
1694787807710937,-9.511014,0.741263,2.301925,0.70792,0.3988,0.4519
1694787807718750,-9.515014,0.728263,2.305925,0.72092,0.5988,0.5919
1694787807726562,-9.531014,0.737263,2.314925,0.70392,0.4588,0.4219
1694787807734375,-9.527014,0.746263,2.319925,0.72292,0.5788,0.6019
1694787807742187,-9.520014,0.739263,2.310925,0.70492,0.9488,0.9019
1694787807750000,-9.525014,0.748263,2.310925,0.72292,0.9088,0.7619
1694787807757812,-9.502014,0.741263,2.303925,0.74192,0.7088,0.11019
1694787807765625,-9.489014,0.745263,2.294925,0.70692,0.512,0.9119
1694787807773437,-9.473014,0.759263,2.285925,0.72192,0.4388,0.7519
1694787807781250,-9.473014,0.752263,2.290925,0.70292,0.6588,0.10419
1694787807789062,-9.462014,0.754263,2.285925,0.70792,0.2288,0.6119
1694787807796875,-9.480014,0.748263,2.269925,0.71992,0.4588,0.7419
1694787807804687,-9.491014,0.754263,2.263925,0.70692,0.5788,0.4419
1694787807812500,-9.489014,0.752263,2.285925,0.72092,0.4388,0.5919
1694787807820312,-9.500014,0.746263,2.276925,0.68792,0.6188,0.2619
1694787807828125,-9.505014,0.759263,2.270925,0.70792,0.2288,0.4519
1694787807835937,-9.518014,0.750263,2.263925,0.72292,0.4188,0.7619
1694787807843750,-9.520014,0.757263,2.267925,0.71892,0.6388,0.7319
1694787807851562,-9.523014,0.746263,2.274925,0.70992,0.2088,0.7819
1694787807859375,-9.518014,0.759263,2.260925,0.72192,0.4588,0.13819
1694787807867187,-9.520014,0.750263,2.245925,0.67692,0.3988,0.6119
1694787807875000,-9.525014,0.755263,2.247925,0.67292,0.0,0.16819
1694787807882812,-9.516014,0.755263,2.263925,0.72292,0.4588,0.21819
1694787807890625,-9.514014,0.761263,2.267925,0.70592,0.4588,0.15419
1694787807898437,-9.509014,0.759263,2.281925,0.70792,0.2112,0.12419
1694787807906250,-9.496014,0.759263,2.287925,0.72292,0.1088,0.10719
1694787807914062,-9.485014,0.763263,2.285925,0.74592,0.5088,0.19319
1694787807921875,-9.476014,0.756263,2.285925,0.70792,0.712,0.10819
1694787807929687,-9.451014,0.762263,2.301925,0.72592,0.3788,0.11019
1694787807937500,-9.448014,0.758263,2.308925,0.70692,0.1912,0.13919
1694787807945312,-9.446014,0.763263,2.301925,0.73992,0.4012,0.10919
1694787807953125,-9.464014,0.772263,2.299925,0.72192,0.312,0.13919
1694787807960937,-9.474014,0.776263,2.299925,0.70692,0.2212,0.10819
1694787807968750,-9.494014,0.783263,2.285925,0.72292,0.5412,0.9219
1694787807976562,-9.507014,0.784263,2.274925,0.71792,0.6512,0.5719
1694787807984375,-9.510014,0.777263,2.272925,0.70692,0.12012,0.4419
1694787807992187,-9.514014,0.770263,2.274925,0.72092,0.4588,0.12219
1694787808000000,-9.525014,0.759263,2.270925,0.74092,0.4212,0.9419
1694787808007812,-9.536014,0.768263,2.269925,0.70892,0.7312,0.9319
1694787808015625,-9.541014,0.760263,2.283925,0.72292,0.4012,0.2919
1694787808023437,-9.545014,0.764263,2.274925,0.78392,0.1088,0.6019
1694787808031250,-9.532014,0.757263,2.285925,0.78292,0.1288,0.5919
1694787808039062,-9.518014,0.759263,2.285925,0.74092,0.2388,0.9419
1694787808046875,-9.505014,0.766263,2.292925,0.81492,0.2988,0.7519
1694787808054687,-9.494014,0.768263,2.292925,0.84692,0.1288,0.10819
1694787808062500,-9.494014,0.781263,2.289925,0.74692,0.3788,0.8719
1694787808070312,-9.481014,0.794263,2.303925,0.75392,0.9088,0.6019
1694787808078125,-9.467014,0.794263,2.301925,0.70292,0.1488,0.5719
1694787808085937,-9.474014,0.810263,2.317925,0.71992,0.4788,0.10519
1694787808093750,-9.474014,0.810263,2.310925,0.72392,0.8888,0.7719
1694787808101562,-9.481014,0.803263,2.301925,0.70992,0.7088,0.7819
1694787808109375,-9.497014,0.810263,2.310925,0.69292,0.7288,0.9319
1694787808117187,-9.499014,0.817263,2.319925,0.71992,0.9288,0.2719
1694787808125000,-9.501014,0.819263,2.312925,0.71992,0.7588,0.2081
1694787808132812,-9.510014,0.808263,2.290925,0.67192,0.9488,0.2519
1694787808140625,-9.512014,0.786263,2.285925,0.71292,0.14888,0.12719
1694787808148437,-9.521014,0.795263,2.288925,0.68192,0.3388,0.9619
1694787808156250,-9.523014,0.784263,2.283925,0.67492,0.12588,0.13819
1694787808164062,-9.532014,0.777263,2.267925,0.72292,0.9088,0.10819
1694787808171875,-9.536014,0.775263,2.245925,0.70492,0.2888,0.7419
1694787808179687,-9.555014,0.780263,2.247925,0.69192,0.4188,0.9219
1694787808187500,-9.550014,0.773263,2.276925,0.71092,0.8488,0.7919
1694787808195312,-9.537014,0.786263,2.285925,0.72092,0.7888,0.9019
1694787808203125,-9.525014,0.781263,2.283925,0.67792,0.8888,0.10819
1694787808210937,-9.510014,0.781263,2.263925,0.67492,0.7688,0.10619
1694787808218750,-9.500014,0.788263,2.258925,0.60692,0.10088,0.8619
1694787808226562,-9.498014,0.779263,2.249925,0.59592,0.7588,0.9019
1694787808234375,-9.494014,0.772263,2.247925,0.67292,0.9488,0.8919
1694787808242187,-9.496014,0.763263,2.249925,0.70192,0.12988,0.2419
1694787808250000,-9.498014,0.761263,2.256925,0.71892,0.11088,0.2619
1694787808257812,-9.491014,0.765263,2.269925,0.64392,0.5788,0.5919
1694787808265625,-9.480014,0.770263,2.272925,0.57992,0.11088,0.10419
1694787808273437,-9.476014,0.785263,2.283925,0.70492,0.9488,0.9019
1694787808281250,-9.487014,0.788263,2.285925,0.65892,0.4388,0.5819
1694787808289062,-9.485014,0.797263,2.283925,0.62392,0.6588,0.10319
1694787808296875,-9.479014,0.801263,2.285925,0.51992,0.2288,0.4319
1694787808304687,-9.492014,0.801263,2.292925,0.58192,0.5512,0.9019
1694787808312500,-9.494014,0.799263,2.301925,0.63092,0.4212,0.9319
1694787808320312,-9.499014,0.806263,2.310925,0.65792,0.2888,0.7419
1694787808328125,-9.494014,0.819263,2.323925,0.65592,0.6388,0.7219
1694787808335937,-9.495014,0.823263,2.315925,0.63092,0.912,0.9319
1694787808343750,-9.485014,0.803263,2.312925,0.53392,0.5512,0.7419
1694787808351562,-9.481014,0.794263,2.294925,0.55292,0.4212,0.12419
1694787808359375,-9.485014,0.788263,2.294925,0.55192,0.7312,0.9119
1694787808367187,-9.478014,0.776263,2.267925,0.59892,0.8912,0.7619
1694787808375000,-9.494014,0.783263,2.272925,0.61392,0.5712,0.9219
1694787808382812,-9.512014,0.775263,2.263925,0.55392,0.6112,0.6119
1694787808390625,-9.519014,0.788263,2.245925,0.47392,0.1012,0.10719
1694787808398437,-9.523014,0.797263,2.251925,0.49892,0.6388,0.7119
1694787808406250,-9.537014,0.795263,2.249925,0.49992,0.1488,0.8719
1694787808414062,-9.537014,0.797263,2.263925,0.51492,0.9688,0.7019
1694787808421875,-9.523014,0.795263,2.254925,0.62892,0.7488,0.9119
1694787808429687,-9.528014,0.799263,2.251925,0.51792,0.9288,0.10519
1694787808437500,-9.521014,0.790263,2.278925,0.47192,0.7588,0.13619
1694787808445312,-9.516014,0.781263,2.292925,0.48792,0.9088,0.12119
1694787808453125,-9.509014,0.779263,2.290925,0.48592,0.9488,0.10319
1694787808460937,-9.505014,0.786263,2.294925,0.46992,0.9688,0.18219
1694787808468750,-9.501014,0.803263,2.294925,0.48992,0.9088,0.18519
1694787808476562,-9.503014,0.808263,2.292925,0.55092,0.9288,0.18519
1694787808484375,-9.492014,0.819263,2.297925,0.55292,0.8888,0.15519
1694787808492187,-9.495014,0.814263,2.290925,0.55792,0.6688,0.19019
1694787808500000,-9.503014,0.823263,2.317925,0.59392,0.8088,0.12019
1694787808507812,-9.512014,0.817263,2.296925,0.70592,0.11188,0.17019
1694787808515625,-9.521014,0.795263,2.269925,0.72292,0.9088,0.9219
1694787808523437,-9.519014,0.817263,2.267925,0.63092,0.13588,0.7619
1694787808531250,-9.517014,0.801263,2.265925,0.64092,0.11288,0.10419
1694787808539062,-9.506014,0.815263,2.263925,0.56392,0.12588,0.7319
1694787808546875,-9.512014,0.824263,2.254925,0.68692,0.14388,0.2519
1694787808554687,-9.515014,0.817263,2.260925,0.65492,0.19288,0.781
1694787808562500,-9.537014,0.822263,2.267925,0.62792,0.22188,0.10619
1694787808570312,-9.555014,0.815263,2.274925,0.55992,0.21288,0.5319
1694787808578125,-9.542014,0.833263,2.292925,0.65892,0.18888,0.4219
1694787808585937,-9.528014,0.824263,2.301925,0.66092,0.13788,0.6019
1694787808593750,-9.521014,0.826263,2.303925,0.65692,0.20988,0.7219
1694787808601562,-9.508014,0.832263,2.303925,0.62792,0.28488,0.4219
1694787808609375,-9.504014,0.830263,2.319925,0.67192,0.32188,0.5719
1694787808617187,-9.492014,0.837263,2.328925,0.67292,0.23988,0.4119
1694787808625000,-9.483014,0.825263,2.337925,0.60892,0.22588,0.5619
1694787808632812,-9.470014,0.832263,2.335925,0.67592,0.25288,0.9119
1694787808640625,-9.456014,0.807263,2.319925,0.70392,0.20988,0.10519
1694787808648437,-9.443014,0.813263,2.315925,0.72392,0.21988,0.12419
1694787808656250,-9.452014,0.816263,2.323925,0.70492,0.15888,0.7419
1694787808664062,-9.465014,0.812263,2.299925,0.72392,0.16888,0.4519
1694787808671875,-9.470014,0.807263,2.288925,0.75592,0.16888,0.6219
1694787808679687,-9.485014,0.814263,2.285925,0.76992,0.17088,0.4519
1694787808687500,-9.497014,0.812263,2.279925,0.73692,0.18688,0.381
1694787808695312,-9.517014,0.801263,2.278925,0.70392,0.22388,0.919
1694787808703125,-9.508014,0.817263,2.272925,0.72392,0.12388,0.12419
1694787808710937,-9.512014,0.810263,2.276925,0.69992,0.11488,0.719
1694787808718750,-9.501014,0.817263,2.281925,0.71892,0.12788,0.4119
1694787808726562,-9.501014,0.806263,2.278925,0.70592,0.12588,0.7419
1694787808734375,-9.503014,0.804263,2.285925,0.73192,0.11488,0.819
1694787808742187,-9.483014,0.790263,2.294925,0.79692,0.5988,0.5181
1694787808750000,-9.474014,0.776263,2.308925,0.75292,0.5788,0.2819
1694787808757812,-9.472014,0.792263,2.319925,0.78392,0.13988,0.1219
1694787808765625,-9.460014,0.796263,2.323925,0.84492,0.4388,0.5181
1694787808773437,-9.445014,0.798263,2.330925,0.79692,0.5988,0.5181
1694787808781250,-9.442014,0.807263,2.332925,0.80692,0.5388,0.4081
1694787808789062,-9.443014,0.800263,2.333925,0.83092,0.5788,0.1881
1694787808796875,-9.442014,0.798263,2.337925,0.78392,0.888,0.281
1694787808804687,-9.447014,0.803263,2.330925,0.89092,0.6712,0.2819
1694787808812500,-9.460014,0.798263,2.321925,0.81292,0.8512,0.5181
1694787808820312,-9.465014,0.803263,2.310925,0.73192,0.4912,0.5481
1694787808828125,-9.469014,0.814263,2.303925,0.69992,0.18012,0.8681
1694787808835937,-9.485014,0.817263,2.305925,0.71792,0.13312,0.3781
1694787808843750,-9.492014,0.834263,2.303925,0.70192,0.3412,0.3881
1694787808851562,-9.497014,0.837263,2.303925,0.72392,0.10812,0.181
1694787808859375,-9.517014,0.835263,2.306925,0.70792,0.7512,0.1781
1694787808867187,-9.517014,0.817263,2.299925,0.72292,0.10312,0.9219
1694787808875000,-9.530014,0.815263,2.301925,0.59392,0.8412,0.2519
1694787808882812,-9.533014,0.811263,2.308925,0.62792,0.7112,0.7519
1694787808890625,-9.533014,0.813263,2.294925,0.67492,0.3812,0.7519
1694787808898437,-9.537014,0.813263,2.290925,0.61192,0.5512,0.5919
1694787808906250,-9.533014,0.817263,2.294925,0.48692,0.5788,0.4119
1694787808914062,-9.528014,0.813263,2.303925,0.56492,0.2488,0.2619
1694787808921875,-9.521014,0.817263,2.305925,0.52892,0.1688,0.3819
1694787808929687,-9.530014,0.806263,2.321925,0.51392,0.3288,0.5419
1694787808937500,-9.514014,0.797263,2.321925,0.56292,0.6188,0.4019
1694787808945312,-9.498014,0.786263,2.323925,0.60992,0.6188,0.2519
1694787808953125,-9.483014,0.776263,2.330925,0.67492,0.4188,0.4419
1694787808960937,-9.469014,0.767263,2.337925,0.65792,0.5788,0.3681
1694787808968750,-9.464014,0.756263,2.348925,0.62292,0.4688,0.781
1694787808976562,-9.462014,0.758263,2.353925,0.66992,0.6388,0.2381
1694787808984375,-9.456014,0.760263,2.355925,0.69292,0.1412,0.4881
1694787808992187,-9.442014,0.780263,2.359925,0.69892,0.1412,0.4081
1694787809000000,-9.453014,0.794263,2.341925,0.71592,0.0,0.2381
1694787809007812,-9.460014,0.798263,2.335925,0.69992,0.1612,0.5581
1694787809015625,-9.465014,0.796263,2.341925,0.71392,0.6788,0.4081
1694787809023437,-9.469014,0.799263,2.339925,0.70092,0.1812,0.5481
1694787809031250,-9.476014,0.794263,2.330925,0.70292,0.1288,0.581
1694787809039062,-9.478014,0.792263,2.324925,0.72192,0.888,0.381
1694787809046875,-9.498014,0.792263,2.301925,0.70292,0.3712,0.5381
1694787809054687,-9.512014,0.788263,2.306925,0.72392,0.912,0.2919
1694787809062500,-9.528014,0.788263,2.310925,0.70092,0.12888,0.781
1694787809070312,-9.530014,0.788263,2.321925,0.74692,0.14588,0.5581
1694787809078125,-9.525014,0.793263,2.337925,0.71992,0.9288,0.481
1694787809085937,-9.519014,0.799263,2.342925,0.73792,0.12388,0.6019
1694787809093750,-9.514014,0.792263,2.321925,0.72292,0.9088,0.9219
1694787809101562,-9.492014,0.797263,2.299925,0.70092,0.9888,0.719
1694787809109375,-9.492014,0.790263,2.317925,0.70192,0.8288,0.7219
1694787809117187,-9.476014,0.788263,2.317925,0.73092,0.19888,0.5419
1694787809125000,-9.465014,0.803263,2.319925,0.71392,0.13588,0.2119
1694787809132812,-9.465014,0.798263,2.328925,0.70492,0.6188,0.10619
1694787809140625,-9.469014,0.794263,2.337925,0.71992,0.7588,0.1119
1694787809148437,-9.467014,0.807263,2.355925,0.67592,0.7488,0.7519
1694787809156250,-9.465014,0.830263,2.359925,0.66892,0.9888,0.719
1694787809164062,-9.468014,0.830263,2.366925,0.71892,0.3412,0.5819
1694787809171875,-9.470014,0.841263,2.371925,0.70692,0.10612,0.2919
1694787809179687,-9.468014,0.845263,2.375925,0.63092,0.5612,0.12419
1694787809187500,-9.465014,0.832263,2.380925,0.54792,0.11612,0.7219
1694787809195312,-9.445014,0.829263,2.380925,0.59592,0.12012,0.1119
1694787809203125,-9.447014,0.805263,2.373925,0.51092,0.4312,0.8419
1694787809210937,-9.445014,0.796263,2.360925,0.48692,0.3812,0.5719
1694787809218750,-9.451014,0.780263,2.351925,0.50492,0.4212,0.5919
1694787809226562,-9.453014,0.767263,2.330925,0.43092,0.3388,0.12519
1694787809234375,-9.462014,0.765263,2.315925,0.47492,0.688,0.15519
1694787809242187,-9.478014,0.756263,2.319925,0.47892,0.3412,0.7919
1694787809250000,-9.498014,0.759263,2.310925,0.59492,0.3188,0.15219
1694787809257812,-9.518014,0.757263,2.283925,0.69592,0.4412,0.11119
1694787809265625,-9.549014,0.733263,2.285925,0.72592,0.4212,0.11019
1694787809273437,-9.572014,0.736263,2.265925,0.70992,0.10712,0.11019
1694787809281250,-9.576014,0.720263,2.260925,0.72292,0.5412,0.9219
1694787809289062,-9.592014,0.712263,2.269925,0.78192,0.3412,0.4219
1694787809296875,-9.582014,0.694263,2.262925,0.90692,0.4988,0.12219
1694787809304687,-9.573014,0.689263,2.249925,0.93892,0.1588,0.7619
1694787809312500,-9.558014,0.691263,2.254925,0.86092,0.10688,0.5081
1694787809320312,-9.528014,0.688263,2.276925,0.95792,0.5888,0.6319
1694787809328125,-9.515014,0.693263,2.258925,0.96692,0.12988,0.5281
1694787809335937,-9.504014,0.694263,2.279925,0.95892,0.7088,0.0
1694787809343750,-9.513014,0.706263,2.294925,0.96992,0.6288,0.2919
1694787809351562,-9.504014,0.706263,2.308925,0.99892,0.9688,0.5181
1694787809359375,-9.504014,0.735263,2.321925,0.104792,0.4588,0.3381
1694787809367187,-9.496014,0.750263,2.321925,0.103492,0.17088,0.3281
1694787809375000,-9.487014,0.761263,2.319925,0.105892,0.19988,0.581
1694787809382812,-9.487014,0.770263,2.319925,0.107392,0.21588,0.2181
1694787809390625,-9.485014,0.777263,2.310925,0.109292,0.19388,0.5081
1694787809398437,-9.485014,0.790263,2.319925,0.114092,0.16088,0.3381
1694787809406250,-9.497014,0.805263,2.310925,0.120692,0.26988,0.3081
1694787809414062,-9.492014,0.828263,2.308925,0.118992,0.22188,0.4781
1694787809421875,-9.497014,0.843263,2.310925,0.113692,0.18288,0.3681
1694787809429687,-9.502014,0.861263,2.299925,0.120392,0.12588,0.6381
1694787809437500,-9.513014,0.866263,2.296925,0.115492,0.17688,0.8181
1694787809445312,-9.525014,0.877263,2.312925,0.118892,0.22188,0.6381
1694787809453125,-9.518014,0.892263,2.324925,0.109492,0.18888,0.8081
1694787809460937,-9.514014,0.895263,2.339925,0.101592,0.20788,0.6681
1694787809468750,-9.491014,0.917263,2.344925,0.91692,0.19688,0.8681
1694787809476562,-9.462014,0.925263,2.330925,0.87092,0.21388,0.5581
1694787809484375,-9.445014,0.940263,2.321925,0.89092,0.23988,0.3681
1694787809492187,-9.449014,0.934263,2.314925,0.72992,0.19688,0.5681
1694787809500000,-9.440014,0.931263,2.321925,0.71992,0.13988,0.3681
1694787809507812,-9.442014,0.924263,2.321925,0.68992,0.13788,0.1981
1694787809515625,-9.458014,0.911263,2.344925,0.67292,0.23788,0.581
1694787809523437,-9.478014,0.903263,2.348925,0.63092,0.23188,0.4519
1694787809531250,-9.473014,0.892263,2.359925,0.62392,0.14588,0.3919
1694787809539062,-9.482014,0.881263,2.357925,0.50392,0.15388,0.7419
1694787809546875,-9.489014,0.865263,2.357925,0.47392,0.13788,0.12219
1694787809554687,-9.502014,0.857263,2.357925,0.48392,0.9688,0.8619
1694787809562500,-9.502014,0.850263,2.344925,0.45692,0.17488,0.18319
1694787809570312,-9.501014,0.843263,2.326925,0.46892,0.14588,0.13419
1694787809578125,-9.504014,0.826263,2.319925,0.56692,0.9088,0.13819
1694787809585937,-9.506014,0.815263,2.312925,0.50092,0.12788,0.11919
1694787809593750,-9.499014,0.808263,2.306925,0.49092,0.6988,0.12319
1694787809601562,-9.497014,0.814263,2.312925,0.54892,0.9288,0.7319
1694787809609375,-9.495014,0.821263,2.324925,0.50392,0.12388,0.12119
1694787809617187,-9.486014,0.827263,2.330925,0.50292,0.25188,0.7319
1694787809625000,-9.470014,0.821263,2.321925,0.58092,0.17488,0.13719
1694787809632812,-9.465014,0.812263,2.330925,0.51792,0.5988,0.10519
1694787809640625,-9.467014,0.818263,2.335925,0.50092,0.19088,0.7219
1694787809648437,-9.458014,0.814263,2.351925,0.45492,0.9288,0.7219
1694787809656250,-9.447014,0.816263,2.344925,0.54692,0.11288,0.8719
1694787809664062,-9.443014,0.816263,2.341925,0.46792,0.6588,0.13319
1694787809671875,-9.447014,0.829263,2.332925,0.52992,0.1888,0.11719
1694787809679687,-9.445014,0.827263,2.332925,0.53292,0.1088,0.2519
1694787809687500,-9.447014,0.827263,2.328925,0.48792,0.2488,0.7419
1694787809695312,-9.443014,0.816263,2.315925,0.45692,0.4012,0.7419
1694787809703125,-9.465014,0.814263,2.317925,0.50092,0.2212,0.919
1694787809710937,-9.479014,0.819263,2.299925,0.49992,0.6712,0.3919
1694787809718750,-9.490014,0.823263,2.297925,0.48792,0.10612,0.1019
1694787809726562,-9.503014,0.821263,2.287925,0.47092,0.5512,0.2519
1694787809734375,-9.501014,0.814263,2.285925,0.45492,0.612,0.2419
1694787809742187,-9.517014,0.812263,2.299925,0.50192,0.5788,0.2519
1694787809750000,-9.512014,0.810263,2.303925,0.49692,0.4888,0.1081
1694787809757812,-9.510014,0.812263,2.303925,0.45392,0.6188,0.8719
1694787809765625,-9.517014,0.815263,2.303925,0.43192,0.5288,0.1919
1694787809773437,-9.514014,0.813263,2.307925,0.44692,0.6888,0.2881
1694787809781250,-9.523014,0.810263,2.321925,0.46892,0.6188,0.3919
1694787809789062,-9.508014,0.804263,2.321925,0.37492,0.4488,0.5419
1694787809796875,-9.506014,0.823263,2.323925,0.39192,0.4288,0.3919
1694787809804687,-9.488014,0.821263,2.326925,0.45092,0.1612,0.2119
1694787809812500,-9.477014,0.818263,2.321925,0.45692,0.5712,0.9019
1694787809820312,-9.454014,0.818263,2.330925,0.46792,0.3512,0.3919
1694787809828125,-9.445014,0.825263,2.328925,0.45392,0.8312,0.11919
1694787809835937,-9.431014,0.809263,2.341925,0.47192,0.10412,0.8919
1694787809843750,-9.436014,0.811263,2.330925,0.45492,0.8612,0.10419
1694787809851562,-9.440014,0.814263,2.328925,0.43792,0.11612,0.5519
1694787809859375,-9.447014,0.796263,2.335925,0.49692,0.1612,0.619
1694787809867187,-9.453014,0.796263,2.339925,0.44992,0.8012,0.519
1694787809875000,-9.460014,0.787263,2.335925,0.45292,0.8412,0.3919
1694787809882812,-9.469014,0.770263,2.337925,0.46692,0.6812,0.881
1694787809890625,-9.473014,0.761263,2.332925,0.48492,0.12112,0.5481
1694787809898437,-9.482014,0.754263,2.317925,0.57792,0.8612,0.3881
1694787809906250,-9.507014,0.759263,2.303925,0.59292,0.11612,0.681
1694787809914062,-9.536014,0.757263,2.305925,0.65492,0.6512,0.819
1694787809921875,-9.540014,0.753263,2.301925,0.71692,0.3212,0.919
1694787809929687,-9.552014,0.751263,2.294925,0.68492,0.4712,0.2319
1694787809937500,-9.545014,0.740263,2.305925,0.70392,0.3412,0.5819
1694787809945312,-9.520014,0.750263,2.305925,0.71892,0.3412,0.4219
1694787809953125,-9.509014,0.761263,2.299925,0.71992,0.5512,0.5181
1694787809960937,-9.493014,0.763263,2.276925,0.74792,0.3212,0.2281
1694787809968750,-9.482014,0.766263,2.285925,0.73092,0.288,0.819
1694787809976562,-9.471014,0.783263,2.296925,0.71692,0.4912,0.919
1694787809984375,-9.465014,0.796263,2.294925,0.70092,0.0,0.781
1694787809992187,-9.496014,0.799263,2.299925,0.86092,0.2988,0.2819
1694787810000000,-9.505014,0.786263,2.326925,0.77992,0.13188,0.7219
1694787810007812,-9.518014,0.779263,2.344925,0.82592,0.6588,0.2281
1694787810015625,-9.509014,0.788263,2.343925,0.82192,0.4188,0.6919
1694787810023437,-9.509014,0.775263,2.357925,0.71892,0.4788,0.7319
1694787810031250,-9.487014,0.777263,2.366925,0.71992,0.1088,0.2081
1694787810039062,-9.469014,0.781263,2.380925,0.71792,0.4912,0.2519
1694787810046875,-9.442014,0.774263,2.382925,0.73392,0.1812,0.1019
1694787810054687,-9.429014,0.778263,2.378925,0.76792,0.5712,0.5081
1694787810062500,-9.418014,0.789263,2.373925,0.76892,0.15512,0.3381
1694787810070312,-9.397014,0.791263,2.369925,0.84892,0.14112,0.3181
1694787810078125,-9.388014,0.795263,2.353925,0.83092,0.18312,0.4519
1694787810085937,-9.418014,0.791263,2.337925,0.81992,0.14512,0.4681
1694787810093750,-9.427014,0.796263,2.339925,0.76992,0.13812,0.3019
1694787810101562,-9.451014,0.774263,2.326925,0.80092,0.7312,0.3019
1694787810109375,-9.480014,0.754263,2.317925,0.82892,0.10212,0.5181
1694787810117187,-9.505014,0.761263,2.314925,0.71792,0.16812,0.11681
1694787810125000,-9.532014,0.759263,2.312925,0.73492,0.18412,0.3581
1694787810132812,-9.543014,0.760263,2.303925,0.78292,0.12012,0.5081
1694787810140625,-9.541014,0.755263,2.292925,0.73592,0.13712,0.6781
1694787810148437,-9.550014,0.767263,2.280925,0.69992,0.19412,0.5581
1694787810156250,-9.548014,0.780263,2.281925,0.71792,0.5312,0.8581
1694787810164062,-9.532014,0.768263,2.285925,0.70392,0.5512,0.8481
1694787810171875,-9.514014,0.764263,2.285925,0.71992,0.9012,0.13081
1694787810179687,-9.502014,0.746263,2.290925,0.70692,0.1212,0.6581
1694787810187500,-9.511014,0.741263,2.314925,0.71992,0.7112,0.3581
1694787810195312,-9.518014,0.739263,2.317925,0.70292,0.5112,0.2619
1694787810203125,-9.520014,0.744263,2.321925,0.71992,0.3612,0.4319
1694787810210937,-9.507014,0.755263,2.323925,0.63592,0.3112,0.4081
1694787810218750,-9.500014,0.768263,2.330925,0.66892,0.0,0.781
1694787810226562,-9.507014,0.790263,2.328925,0.71992,0.11812,0.1119
1694787810234375,-9.496014,0.788263,2.323925,0.70492,0.7112,0.3581
1694787810242187,-9.483014,0.783263,2.312925,0.71892,0.10212,0.5281
1694787810250000,-9.492014,0.777263,2.308925,0.70592,0.7312,0.3481
1694787810257812,-9.489014,0.757263,2.301925,0.73392,0.8612,0.5281
1694787810265625,-9.478014,0.756263,2.299925,0.72192,0.2412,0.1981
1694787810273437,-9.480014,0.727263,2.303925,0.70692,0.4212,0.3481
1694787810281250,-9.484014,0.725263,2.303925,0.70192,0.10012,0.3781
1694787810289062,-9.493014,0.724263,2.305925,0.71392,0.4512,0.2481
1694787810296875,-9.498014,0.723263,2.312925,0.73692,0.5788,0.1981
1694787810304687,-9.493014,0.743263,2.317925,0.70392,0.1088,0.3681
1694787810312500,-9.502014,0.746263,2.323925,0.71992,0.3912,0.5281
1694787810320312,-9.507014,0.762263,2.325925,0.75992,0.1212,0.5681
1694787810328125,-9.503014,0.770263,2.321925,0.76692,0.2688,0.3581
1694787810335937,-9.500014,0.772263,2.319925,0.71692,0.3512,0.7081
1694787810343750,-9.500014,0.784263,2.319925,0.69892,0.4712,0.5681
1694787810351562,-9.501014,0.794263,2.301925,0.70492,0.812,0.3581
1694787810359375,-9.496014,0.794263,2.303925,0.70292,0.4588,0.2181
1694787810367187,-9.503014,0.795263,2.290925,0.70092,0.6388,0.3881
1694787810375000,-9.501014,0.786263,2.285925,0.70592,0.9088,0.1119
1694787810382812,-9.503014,0.779263,2.292925,0.69992,0.1412,0.719
1694787810390625,-9.500014,0.774263,2.308925,0.70292,0.10888,0.5381
1694787810398437,-9.507014,0.779263,2.301925,0.72292,0.5788,0.6019
1694787810406250,-9.514014,0.784263,2.303925,0.70692,0.10688,0.5919
1694787810414062,-9.516014,0.784263,2.317925,0.67092,0.7988,0.2419
1694787810421875,-9.516014,0.777263,2.312925,0.68092,0.8788,0.1181
1694787810429687,-9.509014,0.779263,2.321925,0.62292,0.9888,0.5519
1694787810437500,-9.498014,0.777263,2.328925,0.68392,0.10288,0.6919
1694787810445312,-9.500014,0.777263,2.326925,0.63892,0.6588,0.7119
1694787810453125,-9.480014,0.781263,2.328925,0.65692,0.8088,0.8819
1694787810460937,-9.487014,0.779263,2.319925,0.67192,0.6588,0.12019
1694787810468750,-9.480014,0.774263,2.314925,0.66892,0.6988,0.11819
1694787810476562,-9.469014,0.770263,2.307925,0.54292,0.11888,0.11619
1694787810484375,-9.482014,0.777263,2.305925,0.47992,0.8588,0.8319
1694787810492187,-9.475014,0.765263,2.303925,0.54592,0.8188,0.10219
1694787810500000,-9.482014,0.765263,2.305925,0.57592,0.8188,0.5419
1694787810507812,-9.489014,0.768263,2.305925,0.60492,0.8888,0.13219
1694787810515625,-9.482014,0.772263,2.301925,0.54492,0.8188,0.8619
1694787810523437,-9.478014,0.777263,2.319925,0.52692,0.6988,0.5219
1694787810531250,-9.498014,0.786263,2.319925,0.56592,0.4188,0.7419
1694787810539062,-9.491014,0.781263,2.299925,0.48392,0.4688,0.5419
1694787810546875,-9.498014,0.777263,2.294925,0.45392,0.1288,0.5519
1694787810554687,-9.494014,0.776263,2.292925,0.47492,0.488,0.9219
1694787810562500,-9.501014,0.790263,2.285925,0.45392,0.4788,0.13419
1694787810570312,-9.500014,0.784263,2.276925,0.48192,0.3012,0.8519
1694787810578125,-9.487014,0.774263,2.290925,0.46692,0.3212,0.7019
1694787810585937,-9.480014,0.774263,2.296925,0.46992,0.5112,0.10319
1694787810593750,-9.482014,0.754263,2.298925,0.48192,0.8012,0.8519
1694787810601562,-9.477014,0.761263,2.292925,0.44392,0.1188,0.7919
1694787810609375,-9.482014,0.759263,2.299925,0.45092,0.1412,0.8519
1694787810617187,-9.489014,0.761263,2.298925,0.48192,0.17612,0.6919
1694787810625000,-9.500014,0.759263,2.299925,0.46592,0.3012,0.8519
1694787810632812,-9.500014,0.759263,2.289925,0.46592,0.4512,0.13219
1694787810640625,-9.507014,0.761263,2.303925,0.48592,0.2688,0.4119
1694787810648437,-9.507014,0.768263,2.303925,0.51892,0.5788,0.5819
1694787810656250,-9.509014,0.768263,2.305925,0.55992,0.4888,0.3819
1694787810664062,-9.509014,0.781263,2.303925,0.60792,0.1612,0.5519
1694787810671875,-9.511014,0.775263,2.305925,0.66892,0.1412,0.719
1694787810679687,-9.514014,0.781263,2.296925,0.64192,0.8612,0.1019
1694787810687500,-9.510014,0.777263,2.283925,0.69292,0.912,0.6119
1694787810695312,-9.507014,0.777263,2.294925,0.68692,0.3088,0.4119
1694787810703125,-9.496014,0.779263,2.303925,0.72492,0.2612,0.6219
1694787810710937,-9.485014,0.777263,2.303925,0.67392,0.6912,0.5819
1694787810718750,-9.483014,0.774263,2.305925,0.70692,0.5712,0.2919
1694787810726562,-9.469014,0.769263,2.306925,0.69592,0.0,0.1619
1694787810734375,-9.485014,0.785263,2.326925,0.70392,0.3612,0.581
1694787810742187,-9.474014,0.792263,2.321925,0.72592,0.2188,0.11019
1694787810750000,-9.478014,0.783263,2.328925,0.70892,0.8688,0.4619
1694787810757812,-9.485014,0.790263,2.317925,0.62192,0.8388,0.5419
1694787810765625,-9.499014,0.794263,2.308925,0.59592,0.2688,0.7419
1694787810773437,-9.503014,0.792263,2.310925,0.58292,0.888,0.10719
1694787810781250,-9.508014,0.794263,2.299925,0.61492,0.12188,0.10719
1694787810789062,-9.514014,0.801263,2.285925,0.70192,0.4788,0.681
1694787810796875,-9.537014,0.808263,2.303925,0.68792,0.12788,0.4119
1694787810804687,-9.544014,0.806263,2.305925,0.67192,0.4788,0.5719
1694787810812500,-9.541014,0.804263,2.328925,0.70692,0.5788,0.7619
1694787810820312,-9.532014,0.817263,2.344925,0.68692,0.4788,0.5719
1694787810828125,-9.533014,0.808263,2.328925,0.67792,0.5588,0.9319
1694787810835937,-9.514014,0.799263,2.324925,0.67492,0.4188,0.4419
1694787810843750,-9.499014,0.794263,2.328925,0.69292,0.5588,0.6119
1694787810851562,-9.469014,0.796263,2.328925,0.64392,0.4188,0.4319
1694787810859375,-9.442014,0.789263,2.314925,0.67392,0.5988,0.5819
1694787810867187,-9.438014,0.776263,2.310925,0.67692,0.488,0.1781
1694787810875000,-9.431014,0.767263,2.310925,0.68892,0.5988,0.1119
1694787810882812,-9.442014,0.760263,2.321925,0.65692,0.9288,0.581
1694787810890625,-9.464014,0.754263,2.321925,0.62592,0.6188,0.7319
1694787810898437,-9.471014,0.754263,2.324925,0.72292,0.5788,0.7619
1694787810906250,-9.489014,0.757263,2.328925,0.62592,0.4588,0.4119
1694787810914062,-9.507014,0.766263,2.308925,0.70892,0.1112,0.3019
1694787810921875,-9.507014,0.770263,2.308925,0.72592,0.288,0.1519
1694787810929687,-9.505014,0.768263,2.303925,0.71292,0.0,0.6419
1694787810937500,-9.505014,0.772263,2.299925,0.70792,0.4212,0.2919
1694787810945312,-9.505014,0.775263,2.287925,0.71792,0.3212,0.4119
1694787810953125,-9.505014,0.779263,2.287925,0.70292,0.5112,0.1019
1694787810960937,-9.496014,0.788263,2.281925,0.72392,0.5612,0.7719
1694787810968750,-9.501014,0.790263,2.263925,0.70392,0.1288,0.4219
1694787810976562,-9.496014,0.785263,2.247925,0.72192,0.5512,0.4419
1694787810984375,-9.498014,0.783263,2.236925,0.68692,0.212,0.919
1694787810992187,-9.500014,0.763263,2.229925,0.70192,0.1812,0.3881
1694787811000000,-9.514014,0.764263,2.217925,0.71592,0.4712,0.819
1694787811007812,-9.516014,0.755263,2.242925,0.70292,0.2012,0.3781
1694787811015625,-9.530014,0.762263,2.256925,0.70792,0.2288,0.6119
1694787811023437,-9.525014,0.775263,2.254925,0.72092,0.2212,0.1119
1694787811031250,-9.528014,0.775263,2.254925,0.70592,0.5712,0.1981
1694787811039062,-9.512014,0.770263,2.267925,0.72092,0.3612,0.5919
1694787811046875,-9.503014,0.768263,2.258925,0.68892,0.5312,0.2619
1694787811054687,-9.491014,0.763263,2.265925,0.70592,0.3812,0.6019
1694787811062500,-9.484014,0.752263,2.287925,0.71892,0.4812,0.8919
1694787811070312,-9.476014,0.761263,2.276925,0.75492,0.4212,0.3019
1694787811078125,-9.480014,0.765263,2.292925,0.73892,0.5612,0.4519
1694787811085937,-9.484014,0.759263,2.303925,0.70292,0.1488,0.5719
1694787811093750,-9.503014,0.783263,2.294925,0.76792,0.1088,0.4419
1694787811101562,-9.483014,0.792263,2.303925,0.71892,0.1812,0.4219
1694787811109375,-9.483014,0.796263,2.303925,0.72392,0.5588,0.4519
1694787811117187,-9.490014,0.819263,2.299925,0.70492,0.7588,0.2719
1694787811125000,-9.499014,0.817263,2.299925,0.72292,0.5588,0.281
1694787811132812,-9.503014,0.821263,2.287925,0.70292,0.4788,0.4119
1694787811140625,-9.517014,0.819263,2.287925,0.70192,0.6388,0.2519
1694787811148437,-9.512014,0.815263,2.278925,0.71992,0.10888,0.2719
1694787811156250,-9.530014,0.813263,2.283925,0.70792,0.9088,0.10819
1694787811164062,-9.517014,0.815263,2.281925,0.71892,0.6188,0.2619
1694787811171875,-9.519014,0.808263,2.258925,0.70692,0.2488,0.6019
1694787811179687,-9.516014,0.793263,2.251925,0.68592,0.4788,0.919
1694787811187500,-9.505014,0.794263,2.265925,0.72092,0.5788,0.1981
1694787811195312,-9.498014,0.783263,2.251925,0.70492,0.7588,0.2719
1694787811203125,-9.490014,0.797263,2.265925,0.71792,0.9488,0.2181
1694787811210937,-9.505014,0.795263,2.272925,0.71692,0.6588,0.5619
1694787811218750,-9.510014,0.799263,2.269925,0.70092,0.7988,0.2381
1694787811226562,-9.514014,0.806263,2.281925,0.68892,0.11088,0.8919
1694787811234375,-9.510014,0.821263,2.285925,0.71992,0.7888,0.7419
1694787811242187,-9.515014,0.826263,2.285925,0.70592,0.7388,0.1219
1694787811250000,-9.506014,0.828263,2.290925,0.70892,0.11988,0.6119
1694787811257812,-9.497014,0.830263,2.305925,0.65692,0.8088,0.10419
1694787811265625,-9.503014,0.830263,2.303925,0.62392,0.9688,0.5619
1694787811273437,-9.492014,0.828263,2.301925,0.56192,0.4988,0.10219
1694787811281250,-9.465014,0.823263,2.290925,0.61392,0.8888,0.6019
1694787811289062,-9.465014,0.823263,2.287925,0.51292,0.10088,0.8419
1694787811296875,-9.461014,0.807263,2.285925,0.59892,0.5712,0.9219
1694787811304687,-9.456014,0.805263,2.285925,0.58092,0.10888,0.10519
1694787811312500,-9.474014,0.794263,2.281925,0.51992,0.4188,0.12219
1694787811320312,-9.485014,0.796263,2.276925,0.57992,0.1288,0.7319
1694787811328125,-9.498014,0.779263,2.267925,0.56392,0.2888,0.8919
1694787811335937,-9.516014,0.784263,2.274925,0.58092,0.2212,0.5819
1694787811343750,-9.521014,0.773263,2.263925,0.68692,0.9688,0.5619
1694787811351562,-9.527014,0.766263,2.242925,0.68792,0.3612,0.1019
1694787811359375,-9.538014,0.778263,2.242925,0.71592,0.488,0.8619
1694787811367187,-9.541014,0.780263,2.242925,0.65492,0.3288,0.3919
1694787811375000,-9.530014,0.788263,2.254925,0.70192,0.4788,0.2519
1694787811382812,-9.532014,0.782263,2.240925,0.71892,0.12788,0.2519
1694787811390625,-9.521014,0.790263,2.254925,0.69492,0.3588,0.6319
1694787811398437,-9.512014,0.795263,2.265925,0.70492,0.2988,0.9019
1694787811406250,-9.501014,0.794263,2.269925,0.69192,0.4188,0.7619
1694787811414062,-9.499014,0.810263,2.267925,0.62392,0.1688,0.8719
1694787811421875,-9.483014,0.816263,2.274925,0.59392,0.11288,0.8719
1694787811429687,-9.474014,0.814263,2.285925,0.46692,0.3088,0.981
1694787811437500,-9.467014,0.825263,2.292925,0.49892,0.4912,0.7019
1694787811445312,-9.465014,0.834263,2.308925,0.56192,0.1812,0.2419
1694787811453125,-9.465014,0.827263,2.301925,0.51492,0.212,0.3919
1694787811460937,-9.468014,0.832263,2.287925,0.46992,0.2888,0.10419
1694787811468750,-9.465014,0.827263,2.281925,0.45192,0.4912,0.7019
1694787811476562,-9.481014,0.821263,2.269925,0.46992,0.13312,0.8819
1694787811484375,-9.497014,0.814263,2.267925,0.47292,0.12212,0.7519
1694787811492187,-9.506014,0.812263,2.267925,0.47292,0.12212,0.5919
1694787811500000,-9.519014,0.799263,2.272925,0.56892,0.5912,0.9219
1694787811507812,-9.518014,0.793263,2.258925,0.51292,0.488,0.13219
1694787811515625,-9.530014,0.797263,2.251925,0.53192,0.10012,0.7219
1694787811523437,-9.523014,0.804263,2.236925,0.55192,0.712,0.10719
1694787811531250,-9.532014,0.808263,2.238925,0.45492,0.2888,0.10319
1694787811539062,-9.519014,0.799263,2.249925,0.50292,0.3812,0.8919
1694787811546875,-9.519014,0.804263,2.238925,0.48492,0.8612,0.4019
1694787811554687,-9.528014,0.793263,2.242925,0.45392,0.5112,0.10319
1694787811562500,-9.523014,0.795263,2.242925,0.46692,0.488,0.19619
1694787811570312,-9.523014,0.793263,2.249925,0.50092,0.5112,0.12019
1694787811578125,-9.496014,0.786263,2.249925,0.48692,0.3612,0.13619
1694787811585937,-9.494014,0.777263,2.249925,0.50192,0.312,0.12019
1694787811593750,-9.489014,0.792263,2.254925,0.62792,0.8312,0.15319
1694787811601562,-9.483014,0.792263,2.283925,0.55992,0.3012,0.3819
1694787811609375,-9.483014,0.790263,2.292925,0.67192,0.1812,0.4119
1694787811617187,-9.483014,0.799263,2.285925,0.66892,0.4712,0.2319
1694787811625000,-9.485014,0.794263,2.287925,0.59692,0.888,0.4319
1694787811632812,-9.476014,0.796263,2.285925,0.56492,0.3612,0.8919
1694787811640625,-9.496014,0.794263,2.283925,0.49892,0.1812,0.3919
1694787811648437,-9.505014,0.794263,2.274925,0.58192,0.888,0.5919
1694787811656250,-9.514014,0.797263,2.260925,0.66992,0.6388,0.781
1694787811664062,-9.530014,0.797263,2.258925,0.70692,0.4188,0.6019
1694787811671875,-9.551014,0.799263,2.261925,0.72592,0.5188,0.4719
1694787811679687,-9.552014,0.800263,2.294925,0.67092,0.9688,0.5619
1694787811687500,-9.553014,0.793263,2.297925,0.71092,0.6588,0.3219
1694787811695312,-9.539014,0.797263,2.294925,0.68892,0.9488,0.10619
1694787811703125,-9.530014,0.793263,2.263925,0.70392,0.11388,0.10519
1694787811710937,-9.514014,0.784263,2.249925,0.71892,0.17888,0.12019
1694787811718750,-9.498014,0.777263,2.267925,0.70592,0.15588,0.2719
1694787811726562,-9.503014,0.777263,2.269925,0.72092,0.12588,0.4219
1694787811734375,-9.500014,0.766263,2.258925,0.70392,0.14188,0.2619
1694787811742187,-9.503014,0.775263,2.251925,0.71792,0.22588,0.919
1694787811750000,-9.509014,0.784263,2.269925,0.69992,0.26288,0.3819
1694787811757812,-9.514014,0.779263,2.287925,0.68992,0.23788,0.5819
1694787811765625,-9.516014,0.770263,2.274925,0.72292,0.12388,0.10819
1694787811773437,-9.512014,0.777263,2.278925,0.70592,0.18888,0.5919
1694787811781250,-9.521014,0.786263,2.279925,0.70692,0.17088,0.4419
1694787811789062,-9.510014,0.799263,2.283925,0.73092,0.14988,0.5519
1694787811796875,-9.499014,0.792263,2.290925,0.76592,0.15788,0.2081
1694787811804687,-9.487014,0.794263,2.285925,0.70292,0.15988,0.2519
1694787811812500,-9.485014,0.801263,2.276925,0.72492,0.6988,0.3019
1694787811820312,-9.476014,0.807263,2.276925,0.76792,0.12388,0.1219
1694787811828125,-9.476014,0.797263,2.278925,0.74492,0.10288,0.2219
1694787811835937,-9.467014,0.812263,2.278925,0.72092,0.7388,0.3581
1694787811843750,-9.478014,0.810263,2.269925,0.69992,0.8188,0.781
1694787811851562,-9.487014,0.814263,2.265925,0.71892,0.6388,0.5719
1694787811859375,-9.499014,0.801263,2.267925,0.70592,0.4188,0.2819
1694787811867187,-9.501014,0.797263,2.256925,0.72192,0.4188,0.4419
1694787811875000,-9.501014,0.788263,2.251925,0.70592,0.812,0.381
1694787811882812,-9.500014,0.781263,2.247925,0.69892,0.3488,0.2481
1694787811890625,-9.503014,0.784263,2.242925,0.69992,0.0,0.5581
1694787811898437,-9.494014,0.790263,2.240925,0.70392,0.3612,0.2619
1694787811906250,-9.492014,0.785263,2.245925,0.72192,0.6912,0.10719
1694787811914062,-9.485014,0.783263,2.227925,0.70292,0.3412,0.2519
1694787811921875,-9.496014,0.788263,2.229925,0.71892,0.8312,0.2619
1694787811929687,-9.498014,0.786263,2.249925,0.70492,0.6912,0.4319
1694787811937500,-9.500014,0.795263,2.265925,0.74492,0.1212,0.881
1694787811945312,-9.501014,0.799263,2.272925,0.70392,0.10212,0.2081
1694787811953125,-9.505014,0.810263,2.290925,0.75092,0.8512,0.1119
1694787811960937,-9.503014,0.826263,2.294925,0.74892,0.11412,0.2619
1694787811968750,-9.501014,0.832263,2.312925,0.70592,0.11812,0.5919
1694787811976562,-9.501014,0.830263,2.312925,0.71592,0.3012,0.4019
1694787811984375,-9.499014,0.830263,2.314925,0.69692,0.5912,0.2581
1694787811992187,-9.497014,0.830263,2.308925,0.71592,0.12912,0.819
1694787812000000,-9.494014,0.834263,2.290925,0.77992,0.13112,0.581
1694787812007812,-9.506014,0.841263,2.267925,0.73092,0.7912,0.781
1694787812015625,-9.492014,0.832263,2.283925,0.70092,0.3012,0.5619
1694787812023437,-9.499014,0.825263,2.272925,0.70992,0.18712,0.11019
1694787812031250,-9.513014,0.835263,2.265925,0.72192,0.7112,0.2819
1694787812039062,-9.515014,0.819263,2.249925,0.67492,0.5712,0.1219
1694787812046875,-9.519014,0.826263,2.238925,0.59592,0.612,0.5819
1694787812054687,-9.528014,0.826263,2.249925,0.55192,0.2288,0.9119
1694787812062500,-9.537014,0.822263,2.267925,0.62692,0.5012,0.13719
1694787812070312,-9.539014,0.824263,2.258925,0.63792,0.6788,0.7019
1694787812078125,-9.544014,0.811263,2.278925,0.59792,0.2488,0.7519
1694787812085937,-9.528014,0.815263,2.285925,0.62692,0.1288,0.10519
1694787812093750,-9.519014,0.812263,2.288925,0.54992,0.2488,0.2619
1694787812101562,-9.492014,0.806263,2.292925,0.54592,0.7988,0.7119
1694787812109375,-9.483014,0.803263,2.305925,0.54792,0.4588,0.8819
1694787812117187,-9.465014,0.809263,2.308925,0.56892,0.912,0.10819
1694787812125000,-9.470014,0.812263,2.310925,0.61292,0.2412,0.2719
1694787812132812,-9.467014,0.814263,2.310925,0.48492,0.2888,0.5619
1694787812140625,-9.465014,0.827263,2.301925,0.52892,0.1412,0.6919
1694787812148437,-9.465014,0.825263,2.303925,0.65492,0.0,0.7219
1694787812156250,-9.476014,0.816263,2.294925,0.62592,0.412,0.4119
1694787812164062,-9.496014,0.814263,2.274925,0.62492,0.1812,0.5719
1694787812171875,-9.501014,0.812263,2.260925,0.63892,0.6388,0.819
1694787812179687,-9.514014,0.808263,2.251925,0.62092,0.0,0.5681
1694787812187500,-9.532014,0.806263,2.233925,0.63992,0.4488,0.2281
1694787812195312,-9.552014,0.793263,2.217925,0.63792,0.1688,0.719
1694787812203125,-9.553014,0.797263,2.213925,0.64192,0.1088,0.1019
1694787812210937,-9.550014,0.795263,2.222925,0.65592,0.6188,0.919
1694787812218750,-9.553014,0.806263,2.233925,0.72192,0.10688,0.4419
1694787812226562,-9.557014,0.811263,2.235925,0.55692,0.6988,0.419
1694787812234375,-9.544014,0.802263,2.251925,0.60892,0.9488,0.2419
1694787812242187,-9.528014,0.804263,2.254925,0.63892,0.9688,0.781
1694787812250000,-9.525014,0.797263,2.278925,0.68592,0.12888,0.781
1694787812257812,-9.514014,0.795263,2.281925,0.71792,0.7988,0.919
1694787812265625,-9.496014,0.801263,2.290925,0.70492,0.9288,0.2619
1694787812273437,-9.483014,0.814263,2.287925,0.70392,0.7588,0.3781
1694787812281250,-9.470014,0.807263,2.285925,0.71992,0.10688,0.3681
1694787812289062,-9.472014,0.814263,2.285925,0.73092,0.8188,0.5581
1694787812296875,-9.465014,0.832263,2.292925,0.69992,0.9888,0.4081
1694787812304687,-9.459014,0.829263,2.292925,0.71692,0.6188,0.6981
1694787812312500,-9.465014,0.829263,2.290925,0.70292,0.10888,0.5381
1694787812320312,-9.461014,0.832263,2.285925,0.71392,0.8388,0.4081
1694787812328125,-9.470014,0.830263,2.274925,0.69992,0.8388,0.2319
1694787812335937,-9.477014,0.836263,2.249925,0.72092,0.9288,0.5919
1694787812343750,-9.488014,0.834263,2.249925,0.70592,0.512,0.4319
1694787812351562,-9.503014,0.817263,2.233925,0.68592,0.4788,0.681
1694787812359375,-9.514014,0.815263,2.231925,0.71592,0.0,0.2381
1694787812367187,-9.535014,0.817263,2.229925,0.72092,0.2012,0.5919
1694787812375000,-9.546014,0.815263,2.220925,0.67192,0.412,0.2181
1694787812382812,-9.548014,0.824263,2.224925,0.70092,0.11488,0.5519
1694787812390625,-9.551014,0.837263,2.224925,0.60892,0.7988,0.5619
1694787812398437,-9.548014,0.829263,2.240925,0.65492,0.9688,0.4019
1694787812406250,-9.539014,0.824263,2.242925,0.70192,0.7988,0.919
1694787812414062,-9.528014,0.833263,2.244925,0.67992,0.10488,0.2781
1694787812421875,-9.517014,0.830263,2.247925,0.72292,0.8888,0.2919
1694787812429687,-9.501014,0.830263,2.265925,0.70092,0.8288,0.4019
1694787812437500,-9.497014,0.843263,2.285925,0.71792,0.8088,0.4119
1694787812445312,-9.477014,0.845263,2.292925,0.70492,0.10688,0.481
1694787812453125,-9.465014,0.845263,2.292925,0.71492,0.10088,0.2319
1694787812460937,-9.459014,0.845263,2.285925,0.68792,0.8088,0.8919
1694787812468750,-9.459014,0.840263,2.285925,0.70292,0.9488,0.2519
1694787812476562,-9.470014,0.841263,2.287925,0.70292,0.2888,0.2181
1694787812484375,-9.461014,0.841263,2.267925,0.71892,0.11088,0.1019
1694787812492187,-9.470014,0.841263,2.270925,0.58092,0.7188,0.481
1694787812500000,-9.477014,0.834263,2.267925,0.54492,0.9588,0.719
1694787812507812,-9.488014,0.828263,2.272925,0.64192,0.112,0.12119
1694787812515625,-9.506014,0.808263,2.254925,0.55392,0.288,0.4519
1694787812523437,-9.528014,0.795263,2.234925,0.67892,0.2088,0.7819
1694787812531250,-9.557014,0.802263,2.234925,0.71092,0.10088,0.6219
1694787812539062,-9.573014,0.807263,2.251925,0.69192,0.9088,0.10819
1694787812546875,-9.573014,0.809263,2.254925,0.68792,0.6188,0.4219
1694787812554687,-9.571014,0.802263,2.258925,0.70492,0.5988,0.2719
1694787812562500,-9.555014,0.802263,2.240925,0.72092,0.888,0.5181
1694787812570312,-9.530014,0.797263,2.243925,0.70892,0.7088,0.6219
1694787812578125,-9.510014,0.790263,2.238925,0.71592,0.11488,0.719
1694787812585937,-9.487014,0.781263,2.231925,0.72392,0.6988,0.181
1694787812593750,-9.478014,0.776263,2.229925,0.70492,0.13988,0.2081
1694787812601562,-9.480014,0.779263,2.229925,0.71992,0.17488,0.1019
1694787812609375,-9.487014,0.785263,2.231925,0.73692,0.7188,0.5081
1694787812617187,-9.496014,0.785263,2.242925,0.71992,0.7588,0.481
1694787812625000,-9.503014,0.794263,2.251925,0.73492,0.20688,0.581
1694787812632812,-9.510014,0.797263,2.254925,0.80092,0.10288,0.3381
1694787812640625,-9.530014,0.801263,2.279925,0.72292,0.13788,0.2819
1694787812648437,-9.524014,0.812263,2.270925,0.70592,0.8888,0.1981
1694787812656250,-9.508014,0.817263,2.283925,0.70292,0.9288,0.5381
1694787812664062,-9.501014,0.826263,2.287925,0.71592,0.9588,0.7181
1694787812671875,-9.481014,0.821263,2.285925,0.74892,0.6188,0.6981
1694787812679687,-9.485014,0.812263,2.269925,0.73492,0.5988,0.3681
1694787812687500,-9.474014,0.814263,2.267925,0.70192,0.2888,0.6981
1694787812695312,-9.465014,0.810263,2.281925,0.77892,0.3512,0.10181
1694787812703125,-9.450014,0.818263,2.312925,0.78692,0.6112,0.3281
1694787812710937,-9.468014,0.825263,2.281925,0.76692,0.3812,0.5181
1694787812718750,-9.504014,0.821263,2.261925,0.73892,0.2088,0.6581
1694787812726562,-9.501014,0.826263,2.276925,0.73592,0.4088,0.6781
1694787812734375,-9.515014,0.824263,2.265925,0.69892,0.3088,0.13481
1694787812742187,-9.533014,0.833263,2.249925,0.71692,0.988,0.16481
1694787812750000,-9.544014,0.835263,2.251925,0.73492,0.1088,0.5281
1694787812757812,-9.542014,0.842263,2.247925,0.74892,0.4488,0.6981
1694787812765625,-9.540014,0.830263,2.254925,0.76692,0.5588,0.11481
1694787812773437,-9.535014,0.833263,2.260925,0.70492,0.5788,0.5181
1694787812781250,-9.513014,0.823263,2.258925,0.72192,0.3888,0.3481
1694787812789062,-9.521014,0.806263,2.274925,0.70392,0.6188,0.2619
1694787812796875,-9.514014,0.804263,2.265925,0.70492,0.4188,0.1981
1694787812804687,-9.517014,0.824263,2.283925,0.67392,0.13988,0.2719
1694787812812500,-9.515014,0.828263,2.294925,0.68892,0.11088,0.8919
1694787812820312,-9.508014,0.830263,2.301925,0.72192,0.7688,0.7519
1694787812828125,-9.503014,0.830263,2.287925,0.71792,0.9688,0.5719
1694787812835937,-9.499014,0.837263,2.283925,0.70492,0.7588,0.2719
1694787812843750,-9.495014,0.828263,2.272925,0.71892,0.10888,0.3781
1694787812851562,-9.484014,0.832263,2.265925,0.67492,0.5588,0.3581
1694787812859375,-9.481014,0.825263,2.251925,0.71992,0.4088,0.8381
1694787812867187,-9.488014,0.810263,2.238925,0.67292,0.5788,0.8481
1694787812875000,-9.489014,0.794263,2.238925,0.63792,0.6388,0.5581
1694787812882812,-9.487014,0.792263,2.247925,0.71792,0.5988,0.11681
1694787812890625,-9.494014,0.794263,2.249925,0.64092,0.4288,0.5381
1694787812898437,-9.501014,0.794263,2.247925,0.64392,0.5588,0.1981
1694787812906250,-9.501014,0.799263,2.249925,0.69192,0.3688,0.4981
1694787812914062,-9.501014,0.801263,2.265925,0.66992,0.6388,0.3981
1694787812921875,-9.510014,0.801263,2.258925,0.54692,0.4288,0.3881
1694787812929687,-9.503014,0.814263,2.274925,0.61192,0.9088,0.1019
1694787812937500,-9.515014,0.803263,2.274925,0.58192,0.2288,0.2819
1694787812945312,-9.501014,0.801263,2.263925,0.68892,0.312,0.5819
1694787812953125,-9.496014,0.803263,2.265925,0.61292,0.4188,0.4319
1694787812960937,-9.489014,0.792263,2.254925,0.56292,0.1288,0.4119
1694787812968750,-9.501014,0.797263,2.256925,0.67092,0.212,0.919
1694787812976562,-9.485014,0.799263,2.265925,0.64092,0.2888,0.2519
1694787812984375,-9.485014,0.792263,2.261925,0.59892,0.2812,0.281
1694787812992187,-9.492014,0.799263,2.258925,0.62492,0.2888,0.2281
1694787813000000,-9.483014,0.790263,2.269925,0.56592,0.9088,0.5819
1694787813007812,-9.494014,0.799263,2.261925,0.56692,0.6988,0.1219
1694787813015625,-9.503014,0.803263,2.256925,0.67392,0.9088,0.1119
1694787813023437,-9.501014,0.812263,2.270925,0.63092,0.6988,0.6119
1694787813031250,-9.501014,0.812263,2.247925,0.64092,0.11288,0.10419
1694787813039062,-9.515014,0.815263,2.265925,0.53392,0.5788,0.5819
1694787813046875,-9.517014,0.810263,2.263925,0.50292,0.5788,0.4119
1694787813054687,-9.515014,0.803263,2.281925,0.55292,0.3688,0.4419
1694787813062500,-9.523014,0.808263,2.285925,0.46992,0.9288,0.5619
1694787813070312,-9.523014,0.801263,2.292925,0.53392,0.9088,0.4219
1694787813078125,-9.515014,0.801263,2.285925,0.58392,0.2088,0.4519
1694787813085937,-9.505014,0.797263,2.290925,0.53392,0.4388,0.7319
1694787813093750,-9.503014,0.786263,2.285925,0.56392,0.7588,0.2519
1694787813101562,-9.490014,0.790263,2.276925,0.64792,0.3588,0.4619
1694787813109375,-9.480014,0.779263,2.294925,0.62992,0.3988,0.4419
1694787813117187,-9.476014,0.790263,2.319925,0.61392,0.2288,0.6019
1694787813125000,-9.458014,0.796263,2.308925,0.67892,0.3012,0.1519
1694787813132812,-9.467014,0.792263,2.310925,0.60192,0.4988,0.6319
1694787813140625,-9.461014,0.798263,2.317925,0.56692,0.8888,0.7519
1694787813148437,-9.456014,0.816263,2.312925,0.58292,0.488,0.1319
1694787813156250,-9.454014,0.805263,2.308925,0.45592,0.7112,0.5719
1694787813164062,-9.449014,0.802263,2.306925,0.47492,0.9612,0.1881
1694787813171875,-9.438014,0.813263,2.306925,0.46092,0.7912,0.7719
1694787813179687,-9.429014,0.798263,2.274925,0.53792,0.20612,0.9319
1694787813187500,-9.440014,0.780263,2.261925,0.60192,0.17512,0.7819
1694787813195312,-9.465014,0.774263,2.249925,0.63192,0.19012,0.7819
1694787813203125,-9.465014,0.767263,2.240925,0.69692,0.19412,0.4819
1694787813210937,-9.476014,0.761263,2.231925,0.72292,0.16912,0.4519
1694787813218750,-9.487014,0.756263,2.222925,0.70792,0.23712,0.3019
1694787813226562,-9.500014,0.759263,2.211925,0.72892,0.29212,0.6619
1694787813234375,-9.514014,0.770263,2.209925,0.69292,0.12212,0.6119
1694787813242187,-9.525014,0.777263,2.220925,0.68092,0.21012,0.6419
1694787813250000,-9.539014,0.784263,2.209925,0.67692,0.20612,0.181
1694787813257812,-9.555014,0.791263,2.193925,0.61192,0.23312,0.5919
1694787813265625,-9.571014,0.797263,2.207925,0.58792,0.22912,0.4819
1694787813273437,-9.557014,0.797263,2.222925,0.64592,0.15712,0.3019
1694787813281250,-9.551014,0.799263,2.218925,0.63292,0.19412,0.0
1694787813289062,-9.541014,0.797263,2.213925,0.54992,0.21912,0.1119
1694787813296875,-9.521014,0.795263,2.222925,0.61392,0.25312,0.2919
1694787813304687,-9.492014,0.801263,2.227925,0.57992,0.26812,0.5181
1694787813312500,-9.478014,0.794263,2.222925,0.66392,0.43812,0.3081
1694787813320312,-9.456014,0.791263,2.231925,0.61392,0.40112,0.4981
1694787813328125,-9.442014,0.796263,2.231925,0.59492,0.36212,0.481
1694787813335937,-9.434014,0.804263,2.234925,0.53992,0.33912,0.6319
1694787813343750,-9.431014,0.802263,2.229925,0.41092,0.35412,0.3581
1694787813351562,-9.433014,0.789263,2.245925,0.39292,0.35012,0.581
1694787813359375,-9.454014,0.796263,2.222925,0.31392,0.38112,0.919
1694787813367187,-9.474014,0.800263,2.198925,0.35492,0.48912,0.9519
1694787813375000,-9.494014,0.794263,2.173925,0.41492,0.43812,0.7819
1694787813382812,-9.517014,0.797263,2.173925,0.38692,0.44212,0.8019
1694787813390625,-9.539014,0.791263,2.170925,0.47292,0.44612,0.7519
1694787813398437,-9.568014,0.793263,2.170925,0.42992,0.45212,0.9419
1694787813406250,-9.577014,0.789263,2.173925,0.47392,0.41512,0.9219
1694787813414062,-9.573014,0.780263,2.179925,0.43192,0.47012,0.9519
1694787813421875,-9.557014,0.780263,2.166925,0.47792,0.43812,0.9519
1694787813429687,-9.541014,0.773263,2.155925,0.45992,0.49912,0.7719
1694787813437500,-9.509014,0.763263,2.159925,0.47392,0.43212,0.9219
1694787813445312,-9.500014,0.757263,2.161925,0.55592,0.45412,0.3219
1694787813453125,-9.485014,0.761263,2.170925,0.69492,0.45012,0.6319
1694787813460937,-9.478014,0.761263,2.173925,0.54192,0.47212,0.8119
1694787813468750,-9.480014,0.767263,2.164925,0.46392,0.47212,0.9619
1694787813476562,-9.492014,0.781263,2.166925,0.47792,0.42312,0.1619
1694787813484375,-9.506014,0.819263,2.157925,0.47492,0.45212,0.181
1694787813492187,-9.508014,0.832263,2.152925,0.44392,0.45012,0.7719
1694787813500000,-9.540014,0.830263,2.141925,0.41392,0.43612,0.9319
1694787813507812,-9.573014,0.831263,2.139925,0.47292,0.43012,0.9119
1694787813515625,-9.578014,0.831263,2.150925,0.45492,0.39512,0.4119
1694787813523437,-9.584014,0.831263,2.163925,0.46892,0.32712,0.5619
1694787813531250,-9.573014,0.834263,2.181925,0.44992,0.27412,0.3719
1694787813539062,-9.569014,0.831263,2.197925,0.45892,0.25312,0.10719
1694787813546875,-9.542014,0.833263,2.195925,0.42092,0.22912,0.5519
1694787813554687,-9.537014,0.817263,2.209925,0.45692,0.30112,0.5919
1694787813562500,-9.539014,0.817263,2.231925,0.42592,0.28412,0.9019
1694787813570312,-9.550014,0.820263,2.233925,0.43792,0.22912,0.11919
1694787813578125,-9.553014,0.811263,2.236925,0.31492,0.28312,0.5619
1694787813585937,-9.555014,0.815263,2.222925,0.18692,0.13312,0.8519
1694787813593750,-9.548014,0.815263,2.218925,0.23692,0.21712,0.10319
1694787813601562,-9.544014,0.813263,2.227925,0.17392,0.23312,0.11819
1694787813609375,-9.537014,0.802263,2.211925,0.12992,0.23812,0.10419
1694787813617187,-9.523014,0.801263,2.188925,0.11192,0.15112,0.16519
1694787813625000,-9.516014,0.777263,2.166925,0.15692,0.21312,0.18019
1694787813632812,-9.507014,0.774263,2.159925,0.13292,0.15712,0.21619
1694787813640625,-9.504014,0.748263,2.159925,0.20592,0.16812,0.15019
1694787813648437,-9.520014,0.728263,2.170925,0.20692,0.5312,0.21319
1694787813656250,-9.531014,0.726263,2.168925,0.31892,0.688,0.18519
1694787813664062,-9.550014,0.733263,2.175925,0.44592,0.1412,0.12519
1694787813671875,-9.567014,0.742263,2.179925,0.45592,0.612,0.8919
1694787813679687,-9.581014,0.767263,2.177925,0.46792,0.4988,0.13319
1694787813687500,-9.572014,0.773263,2.170925,0.45492,0.612,0.4019
1694787813695312,-9.573014,0.771263,2.161925,0.47392,0.5388,0.5919
1694787813703125,-9.575014,0.782263,2.159925,0.45492,0.2688,0.4019
1694787813710937,-9.586014,0.793263,2.166925,0.47492,0.2812,0.4419
1694787813718750,-9.590014,0.778263,2.146925,0.45492,0.4088,0.681
1694787813726562,-9.588014,0.771263,2.141925,0.47392,0.10088,0.1981
1694787813734375,-9.579014,0.756263,2.148925,0.45592,0.8588,0.5281
1694787813742187,-9.575014,0.767263,2.166925,0.51792,0.12088,0.3781
1694787813750000,-9.556014,0.751263,2.177925,0.59592,0.15388,0.2081
1694787813757812,-9.545014,0.748263,2.175925,0.58192,0.16588,0.5181
1694787813765625,-9.529014,0.735263,2.159925,0.72092,0.15588,0.2719
1694787813773437,-9.527014,0.730263,2.164925,0.70392,0.7788,0.2619
1694787813781250,-9.518014,0.717263,2.155925,0.72292,0.10288,0.1881
1694787813789062,-9.511014,0.735263,2.161925,0.73392,0.6188,0.2181
1694787813796875,-9.502014,0.743263,2.159925,0.70292,0.5988,0.8581
1694787813804687,-9.500014,0.746263,2.150925,0.71992,0.9088,0.3581
1694787813812500,-9.498014,0.761263,2.134925,0.74892,0.1288,0.5381
1694787813820312,-9.496014,0.761263,2.134925,0.73092,0.4888,0.3981
1694787813828125,-9.496014,0.759263,2.134925,0.70092,0.4688,0.7081
1694787813835937,-9.503014,0.759263,2.152925,0.78192,0.5788,0.8381
1694787813843750,-9.503014,0.763263,2.150925,0.78392,0.2488,0.1881
1694787813851562,-9.516014,0.757263,2.137925,0.73992,0.3788,0.3019
1694787813859375,-9.527014,0.759263,2.141925,0.70692,0.3988,0.1881
1694787813867187,-9.536014,0.762263,2.127925,0.76392,0.6388,0.3881
1694787813875000,-9.532014,0.755263,2.143925,0.86392,0.2588,0.6219
1694787813882812,-9.534014,0.755263,2.146925,0.80192,0.3988,0.4619
1694787813890625,-9.532014,0.761263,2.141925,0.83292,0.3988,0.3019
1694787813898437,-9.520014,0.759263,2.139925,0.90592,0.3188,0.1119
1694787813906250,-9.511014,0.764263,2.143925,0.87492,0.2888,0.5181
1694787813914062,-9.512014,0.772263,2.148925,0.79692,0.2888,0.481
1694787813921875,-9.509014,0.770263,2.137925,0.78092,0.2888,0.2081
1694787813929687,-9.500014,0.763263,2.137925,0.84292,0.4588,0.5281
1694787813937500,-9.522014,0.757263,2.143925,0.90292,0.13188,0.7081
1694787813945312,-9.541014,0.760263,2.141925,0.95092,0.6588,0.3781
1694787813953125,-9.574014,0.747263,2.157925,0.89992,0.11888,0.8881
1694787813960937,-9.590014,0.745263,2.152925,0.87692,0.4188,0.4981
1694787813968750,-9.596014,0.741263,2.143925,0.95092,0.1688,0.3681
1694787813976562,-9.585014,0.736263,2.143925,0.95292,0.6188,0.3581
1694787813984375,-9.588014,0.745263,2.146925,0.97092,0.4188,0.4881
1694787813992187,-9.572014,0.749263,2.141925,0.98292,0.6388,0.3581
1694787814000000,-9.550014,0.760263,2.148925,0.95592,0.7488,0.4981
1694787814007812,-9.529014,0.760263,2.159925,0.96092,0.12088,0.10481
1694787814015625,-9.509014,0.761263,2.163925,0.97992,0.11288,0.16481
1694787814023437,-9.505014,0.772263,2.166925,0.98192,0.9688,0.6881
1694787814031250,-9.500014,0.783263,2.175925,0.104292,0.18088,0.10181
1694787814039062,-9.503014,0.786263,2.186925,0.93792,0.5988,0.6681
1694787814046875,-9.505014,0.792263,2.188925,0.96292,0.14988,0.11881
1694787814054687,-9.519014,0.797263,2.191925,0.95092,0.9688,0.8481
1694787814062500,-9.525014,0.799263,2.184925,0.99692,0.13388,0.1019
1694787814070312,-9.537014,0.797263,2.163925,0.99392,0.14988,0.11881
1694787814078125,-9.568014,0.787263,2.150925,0.94792,0.14988,0.8681
1694787814085937,-9.586014,0.789263,2.154925,0.96292,0.20088,0.3981
1694787814093750,-9.604014,0.801263,2.150925,0.90292,0.22988,0.3881
1694787814101562,-9.608014,0.794263,2.148925,0.96292,0.23388,0.2481
1694787814109375,-9.611014,0.794263,2.141925,0.92092,0.30588,0.5281
1694787814117187,-9.613014,0.778263,2.148925,0.84192,0.25888,0.5381
1694787814125000,-9.608014,0.778263,2.157925,0.95092,0.34288,0.681
1694787814132812,-9.597014,0.774263,2.177925,0.94992,0.37288,0.10181
1694787814140625,-9.583014,0.771263,2.175925,0.96292,0.44288,0.7181
1694787814148437,-9.572014,0.771263,2.166925,0.91692,0.37688,0.3981
1694787814156250,-9.556014,0.762263,2.173925,0.96792,0.37188,0.5281
1694787814164062,-9.543014,0.758263,2.172925,0.91592,0.37988,0.2481
1694787814171875,-9.532014,0.768263,2.179925,0.92092,0.33888,0.3681
1694787814179687,-9.520014,0.759263,2.170925,0.88492,0.34688,0.881
1694787814187500,-9.511014,0.759263,2.184925,0.82692,0.38788,0.3781
1694787814195312,-9.507014,0.768263,2.195925,0.86892,0.42888,0.4181
1694787814203125,-9.482014,0.774263,2.200925,0.76392,0.34088,0.781
1694787814210937,-9.478014,0.770263,2.193925,0.73192,0.35688,0.2381
1694787814218750,-9.475014,0.759263,2.204925,0.71192,0.36288,0.2681
1694787814226562,-9.467014,0.763263,2.204925,0.70392,0.33888,0.8919
1694787814234375,-9.459014,0.745263,2.199925,0.71192,0.34888,0.2019
1694787814242187,-9.480014,0.734263,2.193925,0.72292,0.31888,0.10719
1694787814250000,-9.489014,0.725263,2.195925,0.70592,0.33688,0.9019
1694787814257812,-9.494014,0.747263,2.195925,0.80292,0.34488,0.1519
1694787814265625,-9.505014,0.757263,2.195925,0.75492,0.31388,0.1881
1694787814273437,-9.509014,0.748263,2.188925,0.74892,0.32388,0.819
1694787814281250,-9.504014,0.741263,2.173925,0.75092,0.27288,0.2619
1694787814289062,-9.516014,0.744263,2.152925,0.73792,0.20588,0.10719
1694787814296875,-9.536014,0.746263,2.152925,0.70592,0.20588,0.7519
1694787814304687,-9.536014,0.741263,2.126925,0.72692,0.22988,0.6319
1694787814312500,-9.531014,0.728263,2.110925,0.72192,0.21788,0.5081
1694787814320312,-9.538014,0.724263,2.103925,0.84892,0.20388,0.9319
1694787814328125,-9.542014,0.726263,2.96925,0.86192,0.22388,0.9119
1694787814335937,-9.554014,0.722263,2.112925,0.81492,0.24088,0.7519
1694787814343750,-9.567014,0.720263,2.128925,0.80092,0.27188,0.10719
1694787814351562,-9.567014,0.729263,2.137925,0.84992,0.21788,0.6219
1694787814359375,-9.567014,0.718263,2.157925,0.87892,0.23888,0.10919
1694787814367187,-9.549014,0.720263,2.164925,0.90992,0.27188,0.10919
1694787814375000,-9.538014,0.735263,2.186925,0.75492,0.21988,0.7619
1694787814382812,-9.529014,0.744263,2.200925,0.79992,0.15688,0.6019
1694787814390625,-9.500014,0.750263,2.200925,0.79992,0.15888,0.10719
1694787814398437,-9.496014,0.757263,2.215925,0.70592,0.18888,0.7519
1694787814406250,-9.478014,0.758263,2.213925,0.77092,0.12188,0.7719
1694787814414062,-9.460014,0.763263,2.218925,0.76992,0.10788,0.9219
1694787814421875,-9.464014,0.756263,2.222925,0.73492,0.6188,0.4219
1694787814429687,-9.464014,0.763263,2.213925,0.87792,0.10988,0.7619
1694787814437500,-9.469014,0.761263,2.215925,0.76892,0.9088,0.6019
1694787814445312,-9.480014,0.761263,2.215925,0.83192,0.4388,0.7619
1694787814453125,-9.502014,0.761263,2.206925,0.81392,0.2988,0.5919
1694787814460937,-9.514014,0.766263,2.188925,0.73492,0.4788,0.7319
1694787814468750,-9.525014,0.775263,2.195925,0.80192,0.2588,0.9319
1694787814476562,-9.541014,0.788263,2.173925,0.82892,0.112,0.7519
1694787814484375,-9.559014,0.791263,2.157925,0.73892,0.12388,0.9219
1694787814492187,-9.568014,0.789263,2.150925,0.71092,0.5188,0.6319
1694787814500000,-9.575014,0.787263,2.146925,0.70592,0.9288,0.10719
1694787814507812,-9.573014,0.784263,2.143925,0.72392,0.9088,0.12419
1694787814515625,-9.572014,0.778263,2.164925,0.70592,0.14488,0.16919
1694787814523437,-9.563014,0.769263,2.166925,0.70292,0.13388,0.19919
1694787814531250,-9.572014,0.756263,2.155925,0.72392,0.14288,0.20319
1694787814539062,-9.572014,0.760263,2.155925,0.70892,0.14088,0.17119
1694787814546875,-9.575014,0.785263,2.159925,0.65592,0.21388,0.15019
1694787814554687,-9.568014,0.802263,2.159925,0.70292,0.26088,0.13619
1694787814562500,-9.570014,0.791263,2.179925,0.72292,0.30688,0.21819
1694787814570312,-9.555014,0.798263,2.173925,0.68892,0.29188,0.15219
1694787814578125,-9.562014,0.802263,2.168925,0.70492,0.27588,0.16819
1694787814585937,-9.553014,0.808263,2.173925,0.72292,0.23888,0.15519
1694787814593750,-9.537014,0.810263,2.159925,0.71392,0.30888,0.12819
1694787814601562,-9.537014,0.810263,2.159925,0.72492,0.29988,0.10819
1694787814609375,-9.523014,0.795263,2.173925,0.65492,0.30988,0.10319
1694787814617187,-9.532014,0.799263,2.154925,0.67092,0.35888,0.11819
1694787814625000,-9.530014,0.808263,2.168925,0.65692,0.35988,0.19819
1694787814632812,-9.548014,0.797263,2.179925,0.70592,0.41888,0.13719
1694787814640625,-9.566014,0.798263,2.182925,0.70292,0.34088,0.7219
1694787814648437,-9.573014,0.793263,2.204925,0.68792,0.35688,0.10419
1694787814656250,-9.564014,0.807263,2.197925,0.75092,0.35488,0.5719
1694787814664062,-9.553014,0.804263,2.191925,0.71992,0.30588,0.7319
1694787814671875,-9.530014,0.808263,2.206925,0.73692,0.36988,0.9019
1694787814679687,-9.515014,0.810263,2.202925,0.83192,0.33488,0.9219
1694787814687500,-9.497014,0.821263,2.193925,0.87892,0.33488,0.7719
1694787814695312,-9.494014,0.825263,2.209925,0.73392,0.34088,0.8819
1694787814703125,-9.483014,0.834263,2.218925,0.73292,0.37588,0.7119
1694787814710937,-9.465014,0.841263,2.235925,0.68292,0.33288,0.11619
1694787814718750,-9.468014,0.841263,2.245925,0.76792,0.24288,0.15319
1694787814726562,-9.466014,0.849263,2.240925,0.76792,0.20788,0.7419
1694787814734375,-9.466014,0.843263,2.249925,0.73492,0.25888,0.10519
1694787814742187,-9.466014,0.854263,2.258925,0.76692,0.25888,0.13719
1694787814750000,-9.468014,0.858263,2.265925,0.77892,0.29588,0.5519
1694787814757812,-9.466014,0.856263,2.278925,0.75192,0.27288,0.10619
1694787814765625,-9.479014,0.861263,2.260925,0.73292,0.21388,0.10319
1694787814773437,-9.482014,0.870263,2.252925,0.73792,0.25288,0.6019
1694787814781250,-9.479014,0.865263,2.247925,0.78192,0.20988,0.7419
1694787814789062,-9.479014,0.870263,2.258925,0.81292,0.21188,0.12119
1694787814796875,-9.482014,0.865263,2.231925,0.76592,0.22788,0.13619
1694787814804687,-9.484014,0.876263,2.229925,0.76892,0.22188,0.5919
1694787814812500,-9.498014,0.881263,2.240925,0.75092,0.14388,0.7419
1694787814820312,-9.497014,0.879263,2.220925,0.78092,0.24488,0.7219
1694787814828125,-9.502014,0.890263,2.236925,0.78592,0.18988,0.14019
1694787814835937,-9.500014,0.892263,2.238925,0.73692,0.15888,0.9119
1694787814843750,-9.491014,0.881263,2.240925,0.73492,0.9688,0.10519
1694787814851562,-9.493014,0.879263,2.249925,0.70592,0.14188,0.12219
1694787814859375,-9.477014,0.878263,2.245925,0.70592,0.20588,0.7519
1694787814867187,-9.486014,0.872263,2.240925,0.75692,0.10588,0.17319
1694787814875000,-9.477014,0.867263,2.247925,0.95892,0.6088,0.15819
1694787814882812,-9.484014,0.874263,2.236925,0.86592,0.15288,0.9519
1694787814890625,-9.491014,0.874263,2.240925,0.79492,0.16488,0.7219
1694787814898437,-9.493014,0.890263,2.247925,0.83092,0.14188,0.9219
1694787814906250,-9.496014,0.894263,2.249925,0.84692,0.14188,0.9219
1694787814914062,-9.500014,0.903263,2.251925,0.81492,0.7888,0.9119
1694787814921875,-9.503014,0.921263,2.254925,0.81292,0.9688,0.5819
1694787814929687,-9.505014,0.919263,2.258925,0.78192,0.8088,0.7419
1694787814937500,-9.507014,0.921263,2.263925,0.73492,0.14588,0.13719
1694787814945312,-9.509014,0.923263,2.256925,0.70192,0.11588,0.10419
1694787814953125,-9.521014,0.921263,2.242925,0.71792,0.6588,0.7219
1694787814960937,-9.528014,0.926263,2.247925,0.71092,0.18288,0.12619
1694787814968750,-9.537014,0.926263,2.252925,0.72292,0.18688,0.7619
1694787814976562,-9.534014,0.926263,2.258925,0.73792,0.15688,0.9219
1694787814984375,-9.525014,0.924263,2.270925,0.70692,0.9088,0.6019
1694787814992187,-9.512014,0.914263,2.290925,0.72392,0.15488,0.7619
1694787815000000,-9.494014,0.912263,2.285925,0.70692,0.12388,0.7519
1694787815007812,-9.491014,0.903263,2.288925,0.72292,0.17288,0.10719
1694787815015625,-9.476014,0.898263,2.285925,0.70592,0.18688,0.1219
1694787815023437,-9.467014,0.912263,2.287925,0.71892,0.22588,0.5719
1694787815031250,-9.455014,0.914263,2.299925,0.70192,0.22588,0.819
1694787815039062,-9.442014,0.909263,2.310925,0.71892,0.20988,0.5719
1694787815046875,-9.449014,0.920263,2.308925,0.70092,0.17888,0.819
1694787815054687,-9.456014,0.934263,2.308925,0.72092,0.15588,0.2719
1694787815062500,-9.467014,0.929263,2.317925,0.73892,0.20588,0.15519
1694787815070312,-9.467014,0.923263,2.310925,0.70492,0.25688,0.10519
1694787815078125,-9.473014,0.912263,2.317925,0.72192,0.23788,0.7519
1694787815085937,-9.482014,0.910263,2.314925,0.66992,0.22988,0.7019
1694787815093750,-9.500014,0.899263,2.299925,0.62192,0.13388,0.5319
1694787815101562,-9.502014,0.897263,2.276925,0.57992,0.7588,0.4119
1694787815109375,-9.516014,0.888263,2.260925,0.54792,0.9288,0.2519
1694787815117187,-9.525014,0.888263,2.242925,0.68792,0.8088,0.7319
1694787815125000,-9.529014,0.888263,2.258925,0.70092,0.17588,0.5481
1694787815132812,-9.523014,0.901263,2.269925,0.71892,0.20688,0.581
1694787815140625,-9.538014,0.897263,2.290925,0.70392,0.17488,0.2619
1694787815148437,-9.523014,0.904263,2.306925,0.71892,0.23788,0.3781
1694787815156250,-9.516014,0.888263,2.306925,0.68692,0.15788,0.3781
1694787815164062,-9.522014,0.881263,2.288925,0.65792,0.7388,0.5281
1694787815171875,-9.502014,0.877263,2.292925,0.61192,0.13788,0.481
1694787815179687,-9.497014,0.861263,2.281925,0.56192,0.20888,0.5519
1694787815187500,-9.479014,0.863263,2.283925,0.48492,0.22088,0.2381
1694787815195312,-9.466014,0.861263,2.301925,0.55792,0.30888,0.5881
1694787815203125,-9.455014,0.867263,2.321925,0.57992,0.21988,0.581
1694787815210937,-9.446014,0.885263,2.339925,0.46792,0.21088,0.11719
1694787815218750,-9.448014,0.885263,2.337925,0.50092,0.14188,0.5619
1694787815226562,-9.448014,0.887263,2.348925,0.53192,0.15988,0.10319
1694787815234375,-9.451014,0.894263,2.355925,0.41992,0.16188,0.6919
1694787815242187,-9.457014,0.887263,2.342925,0.45592,0.5788,0.5719
1694787815250000,-9.448014,0.876263,2.342925,0.45992,0.8488,0.9219
1694787815257812,-9.461014,0.865263,2.339925,0.47092,0.7588,0.7219
1694787815265625,-9.461014,0.865263,2.330925,0.45692,0.2488,0.10519
1694787815273437,-9.461014,0.858263,2.337925,0.45392,0.1488,0.11819
1694787815281250,-9.471014,0.858263,2.312925,0.45992,0.6988,0.10719
1694787815289062,-9.468014,0.849263,2.321925,0.47092,0.9288,0.8819
1694787815296875,-9.472014,0.847263,2.319925,0.45092,0.3288,0.5319
1694787815304687,-9.486014,0.832263,2.312925,0.46992,0.6188,0.11919
1694787815312500,-9.497014,0.821263,2.324925,0.45692,0.2412,0.7419
1694787815320312,-9.499014,0.814263,2.312925,0.50392,0.2412,0.5819
1694787815328125,-9.501014,0.810263,2.310925,0.55192,0.3988,0.7519
1694787815335937,-9.508014,0.812263,2.310925,0.57092,0.1488,0.0
1694787815343750,-9.508014,0.814263,2.321925,0.61492,0.1012,0.6019
1694787815351562,-9.501014,0.812263,2.324925,0.65892,0.5788,0.2719
1694787815359375,-9.499014,0.812263,2.324925,0.67892,0.5188,0.1419
1694787815367187,-9.478014,0.808263,2.328925,0.62392,0.11488,0.10319
1694787815375000,-9.465014,0.814263,2.323925,0.65592,0.9688,0.7219
1694787815382812,-9.465014,0.814263,2.328925,0.59592,0.5988,0.5819
1694787815390625,-9.467014,0.812263,2.346925,0.59992,0.5588,0.14019
1694787815398437,-9.478014,0.812263,2.335925,0.70392,0.11388,0.12119
1694787815406250,-9.490014,0.819263,2.342925,0.69092,0.7488,0.6019
1694787815414062,-9.510014,0.826263,2.344925,0.70292,0.9688,0.8919
1694787815421875,-9.506014,0.841263,2.346925,0.72092,0.9488,0.10619
1694787815429687,-9.502014,0.845263,2.339925,0.69592,0.5388,0.14219
1694787815437500,-9.513014,0.843263,2.335925,0.85092,0.8888,0.12619
1694787815445312,-9.518014,0.850263,2.326925,0.78692,0.7288,0.9419
1694787815453125,-9.513014,0.841263,2.324925,0.91192,0.7488,0.12619
1694787815460937,-9.504014,0.841263,2.326925,0.92292,0.9688,0.9119
1694787815468750,-9.506014,0.834263,2.321925,0.88292,0.13688,0.14319
1694787815476562,-9.501014,0.828263,2.321925,0.87692,0.10988,0.2819
1694787815484375,-9.504014,0.826263,2.337925,0.86292,0.10488,0.1781
1694787815492187,-9.497014,0.817263,2.332925,0.95292,0.16288,0.4319
1694787815500000,-9.483014,0.827263,2.319925,0.93892,0.17288,0.3481
1694787815507812,-9.481014,0.830263,2.337925,0.95092,0.14588,0.3681
1694787815515625,-9.481014,0.832263,2.328925,0.96892,0.20788,0.6781
1694787815523437,-9.488014,0.830263,2.339925,0.95192,0.23988,0.11581
1694787815531250,-9.486014,0.830263,2.342925,0.95492,0.17288,0.3381
1694787815539062,-9.481014,0.845263,2.351925,0.95392,0.30388,0.5081
1694787815546875,-9.470014,0.856263,2.353925,0.96792,0.25888,0.3681
1694787815554687,-9.466014,0.863263,2.364925,0.95192,0.25688,0.8381
1694787815562500,-9.450014,0.865263,2.353925,0.96392,0.21388,0.8681
1694787815570312,-9.441014,0.869263,2.344925,0.95292,0.28988,0.3581
1694787815578125,-9.434014,0.862263,2.333925,0.93792,0.31988,0.5181
1694787815585937,-9.437014,0.865263,2.326925,0.90392,0.29088,0.5381
1694787815593750,-9.452014,0.863263,2.330925,0.96992,0.22188,0.8281
1694787815601562,-9.464014,0.867263,2.326925,0.93992,0.15688,0.3381
1694787815609375,-9.479014,0.849263,2.317925,0.95792,0.19988,0.7981
1694787815617187,-9.502014,0.850263,2.312925,0.95692,0.18288,0.11181
1694787815625000,-9.513014,0.848263,2.324925,0.98792,0.10488,0.3281
1694787815632812,-9.513014,0.848263,2.324925,0.97292,0.10288,0.6381
1694787815640625,-9.517014,0.839263,2.312925,0.95492,0.9088,0.4981
1694787815648437,-9.499014,0.834263,2.321925,0.97092,0.9088,0.3381
1694787815656250,-9.510014,0.844263,2.317925,0.95192,0.14388,0.5181
1694787815664062,-9.493014,0.839263,2.317925,0.90992,0.7288,0.3281
1694787815671875,-9.479014,0.839263,2.317925,0.90692,0.14188,0.5181
1694787815679687,-9.470014,0.839263,2.317925,0.90492,0.9688,0.3681
1694787815687500,-9.466014,0.847263,2.321925,0.89392,0.11988,0.8081
1694787815695312,-9.465014,0.847263,2.328925,0.88492,0.5388,0.5581
1694787815703125,-9.466014,0.858263,2.328925,0.90392,0.6388,0.6881
1694787815710937,-9.468014,0.858263,2.323925,0.94992,0.7988,0.11681
1694787815718750,-9.464014,0.872263,2.326925,0.96292,0.5188,0.13481
1694787815726562,-9.464014,0.883263,2.333925,0.92492,0.3988,0.8081
1694787815734375,-9.462014,0.887263,2.330925,0.81392,0.812,0.8281
1694787815742187,-9.457014,0.885263,2.323925,0.76392,0.4488,0.8581
1694787815750000,-9.477014,0.870263,2.335925,0.71992,0.1288,0.4219
1694787815757812,-9.464014,0.865263,2.335925,0.78192,0.3612,0.1119
1694787815765625,-9.464014,0.865263,2.335925,0.68992,0.5588,0.5181
1694787815773437,-9.462014,0.869263,2.339925,0.72092,0.2212,0.481
1694787815781250,-9.448014,0.858263,2.342925,0.67592,0.2412,0.4419
1694787815789062,-9.448014,0.858263,2.351925,0.70392,0.2688,0.2081
1694787815796875,-9.450014,0.851263,2.357925,0.62792,0.2488,0.2719
1694787815804687,-9.457014,0.865263,2.373925,0.69192,0.712,0.6019
1694787815812500,-9.464014,0.860263,2.378925,0.69592,0.4412,0.11119
1694787815820312,-9.468014,0.858263,2.364925,0.70292,0.1812,0.2519
1694787815828125,-9.482014,0.868263,2.359925,0.57892,0.112,0.10419
1694787815835937,-9.493014,0.863263,2.366925,0.62692,0.2688,0.5819
1694787815843750,-9.495014,0.852263,2.364925,0.51692,0.2012,0.5619
1694787815851562,-9.502014,0.872263,2.350925,0.51592,0.6912,0.919
1694787815859375,-9.500014,0.854263,2.348925,0.61292,0.10612,0.1219
1694787815867187,-9.497014,0.850263,2.357925,0.51992,0.17112,0.5919
1694787815875000,-9.497014,0.854263,2.355925,0.50492,0.5912,0.2719
1694787815882812,-9.484014,0.845263,2.366925,0.48592,0.2212,0.919
1694787815890625,-9.488014,0.836263,2.373925,0.45892,0.6112,0.4419
1694787815898437,-9.492014,0.834263,2.380925,0.47292,0.5712,0.7419
1694787815906250,-9.486014,0.827263,2.378925,0.44192,0.2288,0.5819
1694787815914062,-9.486014,0.832263,2.373925,0.45492,0.3912,0.5719
1694787815921875,-9.477014,0.830263,2.371925,0.45392,0.2012,0.4019
1694787815929687,-9.474014,0.830263,2.373925,0.40792,0.1088,0.5619
1694787815937500,-9.468014,0.832263,2.375925,0.43692,0.2012,0.719
1694787815945312,-9.474014,0.830263,2.362925,0.45292,0.7788,0.2319
1694787815953125,-9.477014,0.836263,2.369925,0.47492,0.3488,0.2819
1694787815960937,-9.474014,0.839263,2.366925,0.45192,0.6188,0.719
1694787815968750,-9.481014,0.834263,2.355925,0.46792,0.1488,0.5519
1694787815976562,-9.481014,0.825263,2.362925,0.43892,0.1088,0.4019
1694787815984375,-9.479014,0.816263,2.366925,0.42492,0.4088,0.5719
1694787815992187,-9.481014,0.805263,2.341925,0.34192,0.3288,0.8419
1694787816000000,-9.498014,0.795263,2.341925,0.40492,0.9588,0.6919
1694787816007812,-9.517014,0.797263,2.337925,0.39392,0.7388,0.7219
1694787816015625,-9.525014,0.784263,2.344925,0.45392,0.11088,0.10319
1694787816023437,-9.525014,0.795263,2.364925,0.45392,0.15988,0.11819
1694787816031250,-9.516014,0.802263,2.389925,0.46692,0.16388,0.13319
1694787816039062,-9.503014,0.815263,2.395925,0.41892,0.5088,0.6819
1694787816046875,-9.494014,0.808263,2.389925,0.42092,0.6388,0.8619
1694787816054687,-9.485014,0.806263,2.373925,0.45192,0.14788,0.11719
1694787816062500,-9.467014,0.807263,2.350925,0.38892,0.6588,0.10019
1694787816070312,-9.467014,0.794263,2.348925,0.47992,0.16588,0.6819
1694787816078125,-9.449014,0.791263,2.330925,0.34392,0.19088,0.5419
1694787816085937,-9.462014,0.772263,2.326925,0.44092,0.7388,0.10519
1694787816093750,-9.467014,0.767263,2.330925,0.47292,0.10688,0.13719
1694787816101562,-9.465014,0.769263,2.344925,0.45592,0.9088,0.8919
1694787816109375,-9.465014,0.776263,2.357925,0.47492,0.11888,0.9119
1694787816117187,-9.469014,0.781263,2.357925,0.45392,0.15788,0.5519
1694787816125000,-9.476014,0.792263,2.360925,0.52192,0.5388,0.10819
1694787816132812,-9.465014,0.790263,2.355925,0.45292,0.9488,0.5519
1694787816140625,-9.478014,0.790263,2.348925,0.56392,0.7788,0.10419
1694787816148437,-9.485014,0.797263,2.355925,0.49792,0.9888,0.6919
1694787816156250,-9.480014,0.794263,2.364925,0.53092,0.9688,0.8719
1694787816164062,-9.483014,0.794263,2.375925,0.53792,0.6788,0.6119
1694787816171875,-9.467014,0.796263,2.375925,0.50292,0.9088,0.4119
1694787816179687,-9.467014,0.794263,2.384925,0.57892,0.5988,0.2281
1694787816187500,-9.449014,0.794263,2.389925,0.54892,0.10888,0.10519
1694787816195312,-9.449014,0.796263,2.389925,0.61592,0.8688,0.7719
1694787816203125,-9.440014,0.793263,2.396925,0.67592,0.7188,0.1219
1694787816210937,-9.447014,0.792263,2.393925,0.73192,0.1688,0.819
1694787816218750,-9.447014,0.776263,2.387925,0.65992,0.2488,0.7619
1694787816226562,-9.447014,0.783263,2.378925,0.62692,0.4388,0.5819
1694787816234375,-9.449014,0.783263,2.364925,0.62692,0.5512,0.1119
1694787816242187,-9.440014,0.783263,2.375925,0.63792,0.6588,0.2319
1694787816250000,-9.440014,0.785263,2.366925,0.62392,0.9688,0.4019
1694787816257812,-9.444014,0.767263,2.357925,0.54792,0.9488,0.7219
1694787816265625,-9.442014,0.771263,2.353925,0.51892,0.4188,0.7419
1694787816273437,-9.449014,0.765263,2.362925,0.59692,0.4388,0.9019
1694787816281250,-9.474014,0.765263,2.380925,0.53692,0.10288,0.7619
1694787816289062,-9.483014,0.770263,2.387925,0.64692,0.7088,0.7719
1694787816296875,-9.499014,0.786263,2.409925,0.67692,0.7288,0.9219
1694787816304687,-9.517014,0.806263,2.398925,0.62692,0.9288,0.5819
1694787816312500,-9.521014,0.819263,2.380925,0.62592,0.7788,0.5719
1694787816320312,-9.526014,0.828263,2.391925,0.57992,0.9288,0.5719
1694787816328125,-9.510014,0.832263,2.402925,0.58092,0.8788,0.481
1694787816335937,-9.492014,0.830263,2.402925,0.67492,0.7688,0.12219
1694787816343750,-9.481014,0.834263,2.389925,0.70192,0.11288,0.4019
1694787816351562,-9.477014,0.830263,2.378925,0.72192,0.7688,0.7519
1694787816359375,-9.465014,0.825263,2.380925,0.65492,0.8288,0.7119
1694787816367187,-9.465014,0.814263,2.391925,0.64592,0.12188,0.9219
1694787816375000,-9.468014,0.807263,2.396925,0.65092,0.19388,0.6419
1694787816382812,-9.478014,0.794263,2.409925,0.62692,0.22388,0.12119
1694787816390625,-9.501014,0.792263,2.414925,0.74092,0.8688,0.7819
1694787816398437,-9.501014,0.799263,2.416925,0.70292,0.15988,0.2519
1694787816406250,-9.505014,0.808263,2.416925,0.71692,0.18088,0.8719
1694787816414062,-9.499014,0.812263,2.413925,0.70092,0.16388,0.3919
1694787816421875,-9.492014,0.823263,2.407925,0.71792,0.6588,0.10419
1694787816429687,-9.492014,0.823263,2.414925,0.69092,0.10688,0.7519
1694787816437500,-9.479014,0.832263,2.404925,0.69992,0.5388,0.8619
1694787816445312,-9.470014,0.832263,2.393925,0.66892,0.13388,0.8619
1694787816453125,-9.461014,0.830263,2.395925,0.65192,0.13588,0.6919
1694787816460937,-9.450014,0.832263,2.402925,0.68592,0.18088,0.10319
1694787816468750,-9.438014,0.818263,2.396925,0.67392,0.19088,0.7419
1694787816476562,-9.445014,0.807263,2.393925,0.65392,0.16388,0.7119
1694787816484375,-9.449014,0.798263,2.400925,0.69192,0.9088,0.10819
1694787816492187,-9.464014,0.799263,2.409925,0.69392,0.24188,0.12919
1694787816500000,-9.467014,0.794263,2.413925,0.73192,0.26488,0.13419
1694787816507812,-9.465014,0.801263,2.413925,0.71592,0.19888,0.7019
1694787816515625,-9.481014,0.803263,2.420925,0.70692,0.13988,0.9119
1694787816523437,-9.485014,0.808263,2.425925,0.72292,0.10988,0.13919
1694787816531250,-9.479014,0.825263,2.414925,0.70892,0.7288,0.12519
1694787816539062,-9.481014,0.821263,2.407925,0.72192,0.9288,0.9119
1694787816546875,-9.479014,0.821263,2.414925,0.70492,0.7888,0.7419
1694787816554687,-9.481014,0.825263,2.405925,0.72592,0.7088,0.11019
1694787816562500,-9.483014,0.816263,2.387925,0.73892,0.1088,0.12419
1694787816570312,-9.483014,0.819263,2.386925,0.70392,0.12988,0.10419
1694787816578125,-9.483014,0.812263,2.398925,0.72392,0.9088,0.12419
1694787816585937,-9.485014,0.817263,2.393925,0.71792,0.11588,0.12019
1694787816593750,-9.490014,0.832263,2.395925,0.68792,0.14588,0.10419
1694787816601562,-9.483014,0.841263,2.366925,0.73492,0.20988,0.5719
1694787816609375,-9.479014,0.839263,2.384925,0.71792,0.9688,0.4119
1694787816617187,-9.497014,0.845263,2.391925,0.70592,0.12388,0.4319
1694787816625000,-9.493014,0.861263,2.398925,0.73492,0.17688,0.7319
1694787816632812,-9.491014,0.863263,2.414925,0.71992,0.12588,0.1019
1694787816640625,-9.486014,0.845263,2.402925,0.72092,0.13988,0.1119
1694787816648437,-9.470014,0.843263,2.405925,0.73892,0.12388,0.10819
1694787816656250,-9.470014,0.841263,2.409925,0.70592,0.23788,0.7519
1694787816664062,-9.461014,0.834263,2.405925,0.70792,0.13588,0.2919
1694787816671875,-9.452014,0.827263,2.393925,0.72492,0.21788,0.12519
1694787816679687,-9.454014,0.834263,2.398925,0.78292,0.19388,0.12219
1694787816687500,-9.461014,0.827263,2.396925,0.72292,0.10788,0.10819
1694787816695312,-9.472014,0.830263,2.409925,0.75592,0.17088,0.10919
1694787816703125,-9.490014,0.828263,2.427925,0.76892,0.22188,0.7519
1694787816710937,-9.472014,0.825263,2.418925,0.76792,0.17688,0.13819
1694787816718750,-9.481014,0.816263,2.398925,0.73692,0.17488,0.9019
1694787816726562,-9.474014,0.832263,2.396925,0.72092,0.7888,0.9019
1694787816734375,-9.461014,0.836263,2.389925,0.70392,0.6188,0.4219
1694787816742187,-9.452014,0.849263,2.396925,0.77192,0.18588,0.11019
1694787816750000,-9.445014,0.849263,2.402925,0.84492,0.19288,0.5819
1694787816757812,-9.446014,0.847263,2.387925,0.73992,0.13788,0.9319
1694787816765625,-9.450014,0.847263,2.393925,0.79092,0.11788,0.17619
1694787816773437,-9.454014,0.849263,2.389925,0.78392,0.11188,0.12219
1694787816781250,-9.462014,0.847263,2.382925,0.73092,0.12788,0.11419
1694787816789062,-9.453014,0.860263,2.405925,0.70892,0.11988,0.6119
1694787816796875,-9.466014,0.863263,2.438925,0.72292,0.15388,0.4419
1694787816804687,-9.448014,0.869263,2.465925,0.70392,0.7888,0.4219
1694787816812500,-9.430014,0.871263,2.477925,0.68892,0.4588,0.5819
1694787816820312,-9.415014,0.882263,2.483925,0.72192,0.5788,0.4419
1694787816828125,-9.385014,0.888263,2.486925,0.70292,0.3088,0.5719
1694787816835937,-9.361014,0.881263,2.490925,0.70592,0.1088,0.4319
1694787816843750,-9.352014,0.883263,2.474925,0.66092,0.5712,0.6019
1694787816851562,-9.342014,0.863263,2.465925,0.62792,0.2012,0.12219
1694787816859375,-9.351014,0.863263,2.468925,0.55092,0.9012,0.4319
1694787816867187,-9.369014,0.855263,2.454925,0.56292,0.6712,0.5619
1694787816875000,-9.394014,0.857263,2.445925,0.54992,0.812,0.4319
1694787816882812,-9.427014,0.844263,2.454925,0.58092,0.2212,0.5819
1694787816890625,-9.452014,0.843263,2.438925,0.61492,0.4212,0.9319
1694787816898437,-9.486014,0.850263,2.429925,0.67992,0.2812,0.11019
1694787816906250,-9.515014,0.852263,2.441925,0.67692,0.4012,0.9219
1694787816914062,-9.506014,0.855263,2.443925,0.64192,0.3188,0.15319
1694787816921875,-9.520014,0.862263,2.454925,0.65792,0.8112,0.16919
1694787816929687,-9.493014,0.874263,2.438925,0.64492,0.3812,0.13919
1694787816937500,-9.491014,0.881263,2.429925,0.69192,0.7112,0.12419
1694787816945312,-9.480014,0.885263,2.414925,0.64392,0.13212,0.15419
1694787816953125,-9.446014,0.876263,2.416925,0.59792,0.16912,0.7519
1694787816960937,-9.430014,0.869263,2.423925,0.54992,0.12012,0.7419
1694787816968750,-9.418014,0.845263,2.425925,0.52992,0.9612,0.11819
1694787816976562,-9.407014,0.842263,2.409925,0.59292,0.8112,0.7219
1694787816984375,-9.412014,0.842263,2.416925,0.50292,0.18612,0.5819
1694787816992187,-9.411014,0.826263,2.407925,0.56792,0.17112,0.9219
1694787817000000,-9.434014,0.829263,2.425925,0.59292,0.9812,0.4019
1694787817007812,-9.445014,0.829263,2.429925,0.65792,0.6912,0.5819
1694787817015625,-9.459014,0.834263,2.454925,0.60892,0.212,0.2419
1694787817023437,-9.452014,0.827263,2.461925,0.56492,0.7112,0.2619
1694787817031250,-9.459014,0.845263,2.454925,0.64592,0.9112,0.4519
1694787817039062,-9.450014,0.849263,2.423925,0.64692,0.9412,0.1419
1694787817046875,-9.452014,0.849263,2.420925,0.70592,0.3812,0.2719
1694787817054687,-9.464014,0.847263,2.396925,0.70992,0.9312,0.3119
1694787817062500,-9.463014,0.845263,2.465925,0.60592,0.16188,0.5681
1694787817070312,-9.488014,0.852263,2.398925,0.57392,0.24388,0.7381
1694787817078125,-9.504014,0.843263,2.326925,0.73792,0.4312,0.6581
1694787817085937,-9.513014,0.841263,2.436925,0.70092,0.0,0.2381
1694787817093750,-9.521014,0.826263,2.398925,0.71892,0.3612,0.2081
1694787817101562,-9.522014,0.839263,2.416925,0.70592,0.7112,0.1219
1694787817109375,-9.544014,0.824263,2.407925,0.71692,0.3512,0.5481
1694787817117187,-9.564014,0.827263,2.407925,0.69992,0.1388,0.8681
1694787817125000,-9.564014,0.835263,2.425925,0.72092,0.13788,0.3581
1694787817132812,-9.555014,0.826263,2.436925,0.70192,0.17388,0.6981
1694787817140625,-9.524014,0.830263,2.427925,0.72192,0.21988,0.2819
1694787817148437,-9.490014,0.828263,2.436925,0.62592,0.12288,0.2181
1694787817156250,-9.472014,0.827263,2.432925,0.70192,0.19288,0.681
1694787817164062,-9.457014,0.856263,2.423925,0.71792,0.15988,0.919
1694787817171875,-9.448014,0.854263,2.434925,0.70292,0.5988,0.5281
1694787817179687,-9.446014,0.858263,2.432925,0.73192,0.9388,0.10181
1694787817187500,-9.446014,0.863263,2.432925,0.73192,0.7988,0.5481
1694787817195312,-9.452014,0.854263,2.436925,0.73392,0.9488,0.581
1694787817203125,-9.463014,0.850263,2.434925,0.73192,0.8188,0.781
1694787817210937,-9.465014,0.830263,2.427925,0.71692,0.7988,0.2281
1694787817218750,-9.470014,0.836263,2.402925,0.70492,0.7388,0.1981
1694787817226562,-9.488014,0.819263,2.400925,0.70992,0.13388,0.4619
1694787817234375,-9.485014,0.812263,2.423925,0.70592,0.15388,0.381
1694787817242187,-9.488014,0.825263,2.436925,0.60792,0.27488,0.719
1694787817250000,-9.472014,0.821263,2.449925,0.57492,0.26288,0.5319
1694787817257812,-9.456014,0.832263,2.441925,0.65692,0.19288,0.7219
1694787817265625,-9.443014,0.829263,2.429925,0.60892,0.15988,0.2419
1694787817273437,-9.434014,0.836263,2.434925,0.70392,0.10888,0.2181
1694787817281250,-9.429014,0.818263,2.420925,0.72392,0.11988,0.1319
1694787817289062,-9.429014,0.813263,2.398925,0.68692,0.7988,0.2419
1694787817296875,-9.429014,0.798263,2.404925,0.70092,0.7988,0.2381
1694787817304687,-9.429014,0.785263,2.395925,0.71792,0.9688,0.919
1694787817312500,-9.431014,0.780263,2.395925,0.70192,0.9888,0.8819
1694787817320312,-9.435014,0.767263,2.393925,0.72392,0.6988,0.1419
1694787817328125,-9.444014,0.778263,2.382925,0.70492,0.9088,0.481
1694787817335937,-9.460014,0.787263,2.366925,0.70192,0.7788,0.5481
1694787817343750,-9.474014,0.794263,2.357925,0.70192,0.7788,0.3881
1694787817351562,-9.474014,0.819263,2.373925,0.70192,0.9488,0.3881
1694787817359375,-9.483014,0.827263,2.362925,0.70592,0.5788,0.381
1694787817367187,-9.488014,0.830263,2.366925,0.71892,0.7588,0.5281
1694787817375000,-9.503014,0.823263,2.362925,0.70292,0.6188,0.581
1694787817382812,-9.490014,0.819263,2.344925,0.71792,0.11288,0.5719
1694787817390625,-9.485014,0.821263,2.341925,0.70392,0.7888,0.5819
1694787817398437,-9.474014,0.812263,2.348925,0.73292,0.6388,0.919
1694787817406250,-9.469014,0.794263,2.333925,0.76892,0.10688,0.2819
1694787817414062,-9.465014,0.796263,2.335925,0.70692,0.8888,0.2919
1694787817421875,-9.467014,0.790263,2.339925,0.70492,0.5988,0.4319
1694787817429687,-9.489014,0.786263,2.350925,0.75092,0.4788,0.7319
1694787817437500,-9.503014,0.790263,2.341925,0.78092,0.3088,0.1019
1694787817445312,-9.476014,0.796263,2.328925,0.73692,0.1288,0.9119
1694787817453125,-9.463014,0.821263,2.330925,0.70392,0.3412,0.9019
1694787817460937,-9.456014,0.818263,2.330925,0.81392,0.9912,0.5919
1694787817468750,-9.447014,0.831263,2.330925,0.76792,0.13412,0.6019
1694787817476562,-9.457014,0.829263,2.326925,0.82192,0.15812,0.11319
1694787817484375,-9.459014,0.827263,2.326925,0.86492,0.12412,0.1619
1694787817492187,-9.477014,0.834263,2.330925,0.81692,0.5612,0.3019
1694787817500000,-9.486014,0.827263,2.355925,0.77192,0.1112,0.1519
1694787817507812,-9.481014,0.843263,2.350925,0.77992,0.1488,0.581
1694787817515625,-9.484014,0.865263,2.359925,0.78392,0.312,0.10719
1694787817523437,-9.484014,0.868263,2.373925,0.85992,0.4812,0.7419
1694787817531250,-9.484014,0.863263,2.362925,0.86192,0.6912,0.6119
1694787817539062,-9.473014,0.867263,2.364925,0.92292,0.19612,0.4419
1694787817546875,-9.477014,0.865263,2.382925,0.89192,0.11612,0.4419
1694787817554687,-9.477014,0.865263,2.375925,0.76992,0.15512,0.3019
1694787817562500,-9.480014,0.881263,2.380925,0.75492,0.12212,0.6219
1694787817570312,-9.482014,0.883263,2.371925,0.73892,0.15512,0.4619
1694787817578125,-9.468014,0.878263,2.389925,0.78392,0.5212,0.6019
1694787817585937,-9.451014,0.896263,2.328925,0.76792,0.11812,0.4419
1694787817593750,-9.444014,0.876263,2.414925,0.70792,0.12188,0.6019
1694787817601562,-9.467014,0.916263,2.432925,0.65692,0.30388,0.919
1694787817609375,-9.473014,0.903263,2.242925,0.70292,0.4588,0.1019
1694787817617187,-9.478014,0.912263,2.443925,0.70392,0.6388,0.8919
1694787817625000,-9.491014,0.910263,2.382925,0.72192,0.2212,0.6019
1694787817632812,-9.469014,0.905263,2.423925,0.76992,0.2112,0.10819
1694787817640625,-9.469014,0.898263,2.414925,0.73992,0.2588,0.12519
1694787817648437,-9.458014,0.903263,2.402925,0.75492,0.4188,0.9319
1694787817656250,-9.455014,0.885263,2.414925,0.86092,0.312,0.4419
1694787817664062,-9.466014,0.878263,2.409925,0.73492,0.4788,0.5719
1694787817671875,-9.457014,0.885263,2.398925,0.75192,0.5212,0.7519
1694787817679687,-9.473014,0.889263,2.396925,0.91492,0.7612,0.9719
1694787817687500,-9.482014,0.903263,2.398925,0.94292,0.7212,0.6319
1694787817695312,-9.485014,0.916263,2.398925,0.78192,0.3412,0.5819
1694787817703125,-9.472014,0.923263,2.396925,0.79492,0.0,0.17819
1694787817710937,-9.471014,0.921263,2.382925,0.70892,0.3988,0.7719
1694787817718750,-9.460014,0.921263,2.387925,0.71992,0.112,0.10619
1694787817726562,-9.442014,0.907263,2.373925,0.67292,0.6188,0.5719
1694787817734375,-9.462014,0.903263,2.360925,0.70992,0.3788,0.6219
1694787817742187,-9.466014,0.887263,2.351925,0.69092,0.5788,0.4419
1694787817750000,-9.480014,0.883263,2.362925,0.68692,0.212,0.919
1694787817757812,-9.486014,0.867263,2.387925,0.77092,0.3988,0.4619
1694787817765625,-9.502014,0.868263,2.407925,0.78092,0.6388,0.2619
1694787817773437,-9.500014,0.865263,2.427925,0.70792,0.2288,0.4519
1694787817781250,-9.484014,0.879263,2.407925,0.84592,0.4388,0.2819
1694787817789062,-9.473014,0.881263,2.384925,0.79792,0.6188,0.5919
1694787817796875,-9.469014,0.898263,2.371925,0.81492,0.4388,0.1219
1694787817804687,-9.455014,0.898263,2.360925,0.81492,0.5988,0.2819
1694787817812500,-9.457014,0.883263,2.355925,0.72092,0.4388,0.2719
1694787817820312,-9.464014,0.880263,2.353925,0.76992,0.5588,0.1319
1694787817828125,-9.482014,0.885263,2.339925,0.70492,0.1288,0.7419
1694787817835937,-9.491014,0.883263,2.346925,0.75492,0.888,0.7719
1694787817843750,-9.496014,0.897263,2.357925,0.73592,0.4588,0.9019
1694787817851562,-9.482014,0.903263,2.378925,0.71992,0.9488,0.7419
1694787817859375,-9.484014,0.901263,2.391925,0.73292,0.8288,0.4019
1694787817867187,-9.469014,0.905263,2.402925,0.70392,0.7888,0.5819
1694787817875000,-9.457014,0.903263,2.418925,0.71692,0.11488,0.5619
1694787817882812,-9.439014,0.898263,2.416925,0.73792,0.7688,0.10719
1694787817890625,-9.433014,0.889263,2.418925,0.76692,0.2888,0.4319
1694787817898437,-9.421014,0.884263,2.422925,0.74692,0.8188,0.781
1694787817906250,-9.430014,0.885263,2.409925,0.71592,0.4912,0.3881
1694787817914062,-9.430014,0.893263,2.396925,0.71992,0.5312,0.481
1694787817921875,-9.435014,0.902263,2.409925,0.76792,0.3812,0.381
1694787817929687,-9.448014,0.891263,2.398925,0.70492,0.812,0.5181
1694787817937500,-9.455014,0.898263,2.393925,0.71692,0.1612,0.781
1694787817945312,-9.459014,0.885263,2.395925,0.69892,0.4712,0.5681
1694787817953125,-9.469014,0.898263,2.384925,0.72092,0.3812,0.381
1694787817960937,-9.459014,0.890263,2.373925,0.66792,0.1888,0.2481
1694787817968750,-9.460014,0.887263,2.371925,0.67492,0.812,0.2819
1694787817976562,-9.466014,0.889263,2.387925,0.72092,0.2688,0.2719
1694787817984375,-9.466014,0.878263,2.371925,0.72292,0.4012,0.4519
1694787817992187,-9.455014,0.874263,2.378925,0.73792,0.512,0.7619
1694787818000000,-9.439014,0.876263,2.375925,0.70592,0.512,0.5919
1694787818007812,-9.439014,0.862263,2.387925,0.70392,0.5312,0.1119
1694787818015625,-9.441014,0.854263,2.396925,0.68892,0.5312,0.4219
1694787818023437,-9.441014,0.853263,2.391925,0.72192,0.5712,0.281
1694787818031250,-9.448014,0.849263,2.391925,0.70292,0.3412,0.4119
1694787818039062,-9.468014,0.861263,2.400925,0.72292,0.5712,0.2919
1694787818046875,-9.470014,0.865263,2.393925,0.70692,0.7312,0.281
1694787818054687,-9.477014,0.863263,2.396925,0.71992,0.8512,0.2719
1694787818062500,-9.484014,0.861263,2.389925,0.70792,0.2412,0.9319
1694787818070312,-9.475014,0.861263,2.393925,0.71392,0.7512,0.5419
1694787818078125,-9.486014,0.865263,2.380925,0.70592,0.9012,0.5081
1694787818085937,-9.482014,0.865263,2.375925,0.73692,0.512,0.4419
1694787818093750,-9.488014,0.868263,2.384925,0.68592,0.0,0.2419
1694787818101562,-9.481014,0.861263,2.386925,0.65292,0.3312,0.7181
1694787818109375,-9.493014,0.852263,2.384925,0.67592,0.1212,0.4981
1694787818117187,-9.497014,0.848263,2.396925,0.58192,0.5388,0.3581
1694787818125000,-9.488014,0.848263,2.384925,0.65492,0.4488,0.3881
1694787818132812,-9.486014,0.845263,2.389925,0.67592,0.7188,0.1219
1694787818140625,-9.477014,0.850263,2.411925,0.65792,0.3812,0.481
1694787818148437,-9.448014,0.849263,2.405925,0.67492,0.688,0.3481
1694787818156250,-9.423014,0.842263,2.407925,0.69492,0.6712,0.9481
1694787818164062,-9.409014,0.826263,2.416925,0.68592,0.3712,0.8581
1694787818171875,-9.393014,0.828263,2.393925,0.67292,0.7112,0.5281
1694787818179687,-9.407014,0.822263,2.391925,0.71792,0.5312,0.6881
1694787818187500,-9.416014,0.811263,2.371925,0.70492,0.5912,0.13081
1694787818195312,-9.427014,0.822263,2.355925,0.71792,0.8812,0.14781
1694787818203125,-9.441014,0.822263,2.360925,0.67292,0.2412,0.11581
1694787818210937,-9.465014,0.823263,2.364925,0.64192,0.4312,0.13181
1694787818218750,-9.478014,0.808263,2.364925,0.70092,0.7012,0.13381
1694787818226562,-9.490014,0.808263,2.373925,0.70492,0.5912,0.13081
1694787818234375,-9.503014,0.806263,2.362925,0.70292,0.412,0.5381
1694787818242187,-9.515014,0.801263,2.364925,0.72792,0.6912,0.7681
1694787818250000,-9.532014,0.804263,2.373925,0.70392,0.612,0.2081
1694787818257812,-9.539014,0.799263,2.380925,0.72192,0.9012,0.1881
1694787818265625,-9.530014,0.788263,2.373925,0.65792,0.3812,0.481
1694787818273437,-9.527014,0.777263,2.353925,0.68492,0.0,0.781
1694787818281250,-9.510014,0.781263,2.355925,0.71992,0.1088,0.3681
1694787818289062,-9.500014,0.788263,2.357925,0.69692,0.2912,0.5781
1694787818296875,-9.482014,0.777263,2.364925,0.71692,0.4688,0.5481
1694787818304687,-9.465014,0.783263,2.371925,0.70292,0.2012,0.3781
1694787818312500,-9.460014,0.774263,2.382925,0.79392,0.4912,0.5481
1694787818320312,-9.469014,0.768263,2.398925,0.77892,0.3288,0.2281
1694787818328125,-9.480014,0.772263,2.379925,0.85292,0.688,0.5681
1694787818335937,-9.498014,0.766263,2.378925,0.93992,0.4388,0.281
1694787818343750,-9.493014,0.763263,2.366925,0.85892,0.4788,0.2719
1694787818351562,-9.496014,0.770263,2.357925,0.95392,0.5988,0.6681
1694787818359375,-9.500014,0.779263,2.359925,0.96892,0.1288,0.3481
1694787818367187,-9.503014,0.772263,2.359925,0.95292,0.1288,0.5081
1694787818375000,-9.500014,0.781263,2.357925,0.94792,0.3688,0.3881
1694787818382812,-9.505014,0.795263,2.360925,0.95592,0.888,0.3281
1694787818390625,-9.503014,0.799263,2.364925,0.95392,0.4588,0.281
1694787818398437,-9.510014,0.792263,2.355925,0.95592,0.10688,0.3381
1694787818406250,-9.494014,0.794263,2.368925,0.96892,0.9488,0.1981
1694787818414062,-9.485014,0.814263,2.341925,0.95192,0.9688,0.3681
1694787818421875,-9.481014,0.830263,2.348925,0.96692,0.8288,0.481
1694787818429687,-9.475014,0.836263,2.342925,0.96092,0.7088,0.9719
1694787818437500,-9.479014,0.850263,2.332925,0.97092,0.7888,0.7719
1694787818445312,-9.479014,0.847263,2.353925,0.87992,0.7488,0.9419
1694787818453125,-9.481014,0.845263,2.348925,0.95692,0.9288,0.7719
1694787818460937,-9.486014,0.841263,2.341925,0.97092,0.9588,0.9319
1694787818468750,-9.492014,0.834263,2.337925,0.96992,0.16288,0.12319
1694787818476562,-9.494014,0.817263,2.332925,0.94992,0.8688,0.7319
1694787818484375,-9.488014,0.803263,2.342925,0.94192,0.7488,0.6219
1694787818492187,-9.501014,0.799263,2.337925,0.92092,0.8488,0.10519
1694787818500000,-9.501014,0.801263,2.348925,0.91792,0.10288,0.5619
1694787818507812,-9.498014,0.801263,2.364925,0.93792,0.9988,0.10619
1694787818515625,-9.476014,0.812263,2.368925,0.92092,0.16488,0.7419
1694787818523437,-9.456014,0.827263,2.369925,0.97392,0.9088,0.7919
1694787818531250,-9.443014,0.838263,2.380925,0.95292,0.9688,0.2719
1694787818539062,-9.443014,0.829263,2.373925,0.97192,0.7488,0.81
1694787818546875,-9.445014,0.840263,2.368925,0.95492,0.2988,0.4519
1694787818554687,-9.459014,0.850263,2.364925,0.96692,0.4812,0.2081
1694787818562500,-9.470014,0.852263,2.362925,0.95092,0.288,0.1019
1694787818570312,-9.482014,0.867263,2.348925,0.100392,0.5588,0.3181
1694787818578125,-9.475014,0.865263,2.346925,0.110192,0.2712,0.3519
1694787818585937,-9.457014,0.860263,2.344925,0.101892,0.3812,0.3119
1694787818593750,-9.452014,0.838263,2.321925,0.108292,0.18512,0.4919
1694787818601562,-9.463014,0.832263,2.312925,0.122092,0.19712,0.1619
1694787818609375,-9.460014,0.807263,2.290925,0.120292,0.3412,0.4881
1694787818617187,-9.474014,0.836263,2.461925,0.121292,0.47588,0.11781
1694787818625000,-9.488014,0.850263,2.146925,0.140592,0.9788,0.7981
1694787818632812,-9.508014,0.855263,2.346925,0.150292,0.9388,0.6081
1694787818640625,-9.509014,0.875263,2.420925,0.147092,0.15688,0.14081
1694787818648437,-9.500014,0.897263,2.384925,0.147092,0.19188,0.4581
1694787818656250,-9.493014,0.910263,2.400925,0.142092,0.19588,0.4781
1694787818664062,-9.478014,0.930263,2.402925,0.129892,0.7688,0.7881
1694787818671875,-9.469014,0.941263,2.396925,0.120292,0.19188,0.9681
1694787818679687,-9.451014,0.934263,2.387925,0.120292,0.7888,0.11281
1694787818687500,-9.422014,0.938263,2.375925,0.108992,0.11788,0.6881
1694787818695312,-9.409014,0.931263,2.375925,0.107792,0.19088,0.11381
1694787818703125,-9.413014,0.922263,2.373925,0.113792,0.18088,0.5181
1694787818710937,-9.417014,0.920263,2.380925,0.115892,0.12388,0.4781
1694787818718750,-9.433014,0.918263,2.371925,0.111292,0.10788,0.1581
1694787818726562,-9.455014,0.907263,2.380925,0.109492,0.9488,0.1781
1694787818734375,-9.467014,0.909263,2.378925,0.120792,0.10588,0.1381
1694787818742187,-9.476014,0.921263,2.389925,0.117392,0.6088,0.4781
1694787818750000,-9.478014,0.908263,2.395925,0.115292,0.15088,0.3681
1694787818757812,-9.476014,0.918263,2.398925,0.106392,0.5988,0.3281
1694787818765625,-9.462014,0.921263,2.411925,0.96892,0.11188,0.381
1694787818773437,-9.462014,0.929263,2.396925,0.96992,0.7688,0.6681
1694787818781250,-9.451014,0.918263,2.389925,0.92092,0.4588,0.6781
1694787818789062,-9.462014,0.927263,2.396925,0.89192,0.5788,0.9781
1694787818796875,-9.462014,0.921263,2.380925,0.74892,0.6388,0.681
1694787818804687,-9.469014,0.923263,2.373925,0.76892,0.8688,0.8181
1694787818812500,-9.467014,0.916263,2.380925,0.74892,0.7788,0.6981
1694787818820312,-9.483014,0.912263,2.373925,0.70692,0.6988,0.5081
1694787818828125,-9.493014,0.903263,2.362925,0.69792,0.10088,0.4181
1694787818835937,-9.498014,0.892263,2.360925,0.65892,0.7188,0.5181
1694787818843750,-9.502014,0.881263,2.341925,0.64992,0.11888,0.4281
1694787818851562,-9.502014,0.901263,2.344925,0.57392,0.6788,0.2119
1694787818859375,-9.502014,0.899263,2.337925,0.62592,0.4588,0.4119
1694787818867187,-9.507014,0.906263,2.339925,0.67492,0.4188,0.2819
1694787818875000,-9.521014,0.908263,2.333925,0.65892,0.5988,0.5819
1694787818882812,-9.509014,0.899263,2.357925,0.64392,0.5788,0.2719
1694787818890625,-9.493014,0.892263,2.371925,0.56192,0.11288,0.5519
1694787818898437,-9.488014,0.874263,2.366925,0.57892,0.6188,0.7219
1694787818906250,-9.477014,0.874263,2.362925,0.57692,0.6388,0.3919
1694787818914062,-9.462014,0.880263,2.369925,0.62992,0.3988,0.6019
1694787818921875,-9.446014,0.891263,2.387925,0.56292,0.6188,0.4019
1694787818929687,-9.431014,0.900263,2.389925,0.56592,0.5788,0.5819
1694787818937500,-9.431014,0.900263,2.400925,0.51692,0.4288,0.4119
1694787818945312,-9.431014,0.909263,2.407925,0.45692,0.5588,0.5819
1694787818953125,-9.431014,0.924263,2.409925,0.50192,0.4388,0.7319
1694787818960937,-9.431014,0.922263,2.389925,0.45692,0.5588,0.4219
1694787818968750,-9.445014,0.936263,2.378925,0.47192,0.888,0.5819
1694787818976562,-9.454014,0.934263,2.378925,0.47292,0.1012,0.4319
1694787818984375,-9.456014,0.925263,2.373925,0.42592,0.3888,0.5819
1694787818992187,-9.471014,0.923263,2.357925,0.46892,0.9688,0.10219
1694787819000000,-9.492014,0.919263,2.360925,0.34892,0.7188,0.12119
1694787819007812,-9.502014,0.903263,2.362925,0.34592,0.2688,0.8719
1694787819015625,-9.505014,0.894263,2.357925,0.31492,0.10688,0.8719
1694787819023437,-9.507014,0.883263,2.357925,0.28492,0.7188,0.7219
1694787819031250,-9.498014,0.879263,2.360925,0.28292,0.5988,0.10219
1694787819039062,-9.480014,0.879263,2.355925,0.20492,0.1288,0.16519
1694787819046875,-9.466014,0.883263,2.373925,0.22392,0.2488,0.19919
1694787819054687,-9.462014,0.892263,2.380925,0.20192,0.6588,0.14619
1694787819062500,-9.458014,0.905263,2.369925,0.22392,0.10688,0.21419
1694787819070312,-9.466014,0.898263,2.373925,0.20692,0.1088,0.18219
1694787819078125,-9.458014,0.907263,2.371925,0.22292,0.3812,0.19819
1694787819085937,-9.453014,0.889263,2.373925,0.16392,0.3688,0.21619
1694787819093750,-9.464014,0.883263,2.362925,0.20992,0.2612,0.21619
1694787819101562,-9.469014,0.878263,2.364925,0.19192,0.5588,0.13519
1694787819109375,-9.464014,0.849263,2.364925,0.20992,0.2612,0.18419
1694787819117187,-9.473014,0.852263,2.367925,0.19792,0.4912,0.18719
1694787819125000,-9.475014,0.852263,2.360925,0.20792,0.5512,0.19819
1694787819132812,-9.473014,0.849263,2.357925,0.22692,0.2812,0.18519
1694787819140625,-9.486014,0.852263,2.360925,0.20792,0.888,0.19919
1694787819148437,-9.477014,0.850263,2.373925,0.21892,0.11288,0.17919
1694787819156250,-9.483014,0.848263,2.377925,0.16792,0.9788,0.5019
1694787819164062,-9.490014,0.852263,2.368925,0.21892,0.9388,0.8419
1694787819171875,-9.477014,0.861263,2.357925,0.36092,0.412,0.11919
1694787819179687,-9.482014,0.863263,2.362925,0.39192,0.1812,0.16619
1694787819187500,-9.488014,0.861263,2.364925,0.41092,0.2412,0.15319
1694787819195312,-9.482014,0.865263,2.380925,0.42592,0.5712,0.10619
1694787819203125,-9.491014,0.865263,2.375925,0.38192,0.1888,0.9119
1694787819210937,-9.488014,0.859263,2.378925,0.42492,0.10688,0.7219
1694787819218750,-9.477014,0.850263,2.377925,0.45092,0.1412,0.10119
1694787819226562,-9.468014,0.847263,2.377925,0.46592,0.4888,0.3719
1694787819234375,-9.454014,0.847263,2.387925,0.45292,0.9388,0.3919
1694787819242187,-9.461014,0.843263,2.396925,0.47092,0.5988,0.10419
1694787819250000,-9.443014,0.856263,2.393925,0.45192,0.4688,0.2219
1694787819257812,-9.459014,0.859263,2.393925,0.46092,0.8788,0.219
1694787819265625,-9.463014,0.847263,2.395925,0.50992,0.10188,0.319
1694787819273437,-9.466014,0.850263,2.393925,0.60592,0.9888,0.981
1694787819281250,-9.473014,0.847263,2.407925,0.56792,0.6988,0.6019
1694787819289062,-9.470014,0.861263,2.411925,0.67492,0.9088,0.5919
1694787819296875,-9.479014,0.867263,2.402925,0.62492,0.7588,0.2181
1694787819304687,-9.482014,0.865263,2.389925,0.71792,0.1288,0.5381
1694787819312500,-9.506014,0.868263,2.377925,0.62192,0.6588,0.881
1694787819320312,-9.506014,0.866263,2.350925,0.70392,0.4588,0.5819
1694787819328125,-9.509014,0.861263,2.344925,0.72192,0.5988,0.7519
1694787819335937,-9.522014,0.859263,2.357925,0.72092,0.4188,0.381
1694787819343750,-9.515014,0.857263,2.355925,0.76892,0.5788,0.1219
1694787819351562,-9.513014,0.857263,2.357925,0.70092,0.11288,0.2381
1694787819359375,-9.497014,0.848263,2.357925,0.79692,0.12788,0.581
1694787819367187,-9.499014,0.850263,2.364925,0.83092,0.17488,0.9119
1694787819375000,-9.486014,0.839263,2.389925,0.84192,0.12988,0.3781
1694787819382812,-9.484014,0.839263,2.382925,0.89192,0.18888,0.3481
1694787819390625,-9.457014,0.856263,2.380925,0.86392,0.10288,0.1681
1694787819398437,-9.452014,0.856263,2.396925,0.87492,0.17488,0.3581
1694787819406250,-9.439014,0.858263,2.411925,0.93692,0.14588,0.1119
1694787819414062,-9.428014,0.867263,2.402925,0.93992,0.14188,0.2919
1694787819421875,-9.432014,0.878263,2.411925,0.97192,0.10788,0.1419
1694787819429687,-9.426014,0.880263,2.414925,0.96992,0.13988,0.8181
1694787819437500,-9.423014,0.882263,2.409925,0.93692,0.14388,0.3581
1694787819445312,-9.428014,0.869263,2.400925,0.95492,0.9088,0.4981
1694787819453125,-9.439014,0.869263,2.411925,0.92592,0.5588,0.4881
1694787819460937,-9.448014,0.871263,2.380925,0.88892,0.11288,0.3781
1694787819468750,-9.464014,0.867263,2.373925,0.91192,0.5188,0.7881
1694787819476562,-9.491014,0.879263,2.357925,0.92392,0.12388,0.1781
1694787819484375,-9.507014,0.886263,2.360925,0.87592,0.7588,0.5181
1694787819492187,-9.527014,0.884263,2.371925,0.92292,0.15888,0.3581
1694787819500000,-9.534014,0.897263,2.400925,0.91992,0.22788,0.581
1694787819507812,-9.516014,0.899263,2.414925,0.84292,0.11288,0.581
1694787819515625,-9.516014,0.906263,2.400925,0.83192,0.15188,0.4981
1694787819523437,-9.491014,0.894263,2.389925,0.78592,0.13588,0.181
1694787819531250,-9.476014,0.898263,2.373925,0.81392,0.20488,0.3581
1694787819539062,-9.453014,0.869263,2.389925,0.74192,0.14788,0.0
1694787819546875,-9.444014,0.862263,2.367925,0.72792,0.4788,0.1481
1694787819554687,-9.443014,0.853263,2.357925,0.75292,0.10488,0.3481
1694787819562500,-9.452014,0.847263,2.360925,0.73892,0.17088,0.6019
1694787819570312,-9.448014,0.849263,2.362925,0.74092,0.15288,0.11019
1694787819578125,-9.448014,0.847263,2.375925,0.78392,0.20788,0.12319
1694787819585937,-9.448014,0.860263,2.384925,0.78892,0.21588,0.9519
1694787819593750,-9.456014,0.859263,2.395925,0.75892,0.16988,0.2119
1694787819601562,-9.464014,0.881263,2.391925,0.70192,0.20888,0.681
1694787819609375,-9.453014,0.883263,2.402925,0.71592,0.24588,0.7119
1694787819617187,-9.446014,0.896263,2.414925,0.70492,0.20488,0.1119
1694787819625000,-9.442014,0.902263,2.423925,0.71892,0.19288,0.4119
1694787819632812,-9.435014,0.900263,2.429925,0.73592,0.20788,0.5819
1694787819640625,-9.433014,0.900263,2.436925,0.70192,0.16188,0.5619
1694787819648437,-9.430014,0.902263,2.447925,0.71492,0.11688,0.3919
1694787819656250,-9.430014,0.900263,2.447925,0.73392,0.12988,0.5719
1694787819664062,-9.435014,0.907263,2.440925,0.70092,0.6588,0.2419
1694787819671875,-9.448014,0.889263,2.429925,0.71692,0.4988,0.819
1694787819679687,-9.448014,0.880263,2.418925,0.68792,0.312,0.2619
1694787819687500,-9.466014,0.872263,2.413925,0.69992,0.6588,0.781
1694787819695312,-9.466014,0.872263,2.404925,0.71492,0.5188,0.2481
1694787819703125,-9.479014,0.870263,2.402925,0.70092,0.9888,0.4019
1694787819710937,-9.482014,0.867263,2.407925,0.70392,0.9288,0.2181
1694787819718750,-9.477014,0.888263,2.407925,0.69992,0.4888,0.3981
1694787819726562,-9.475014,0.890263,2.418925,0.70292,0.4788,0.5719
1694787819734375,-9.482014,0.894263,2.420925,0.68692,0.7988,0.4019
1694787819742187,-9.480014,0.899263,2.425925,0.64192,0.12788,0.12119
1694787819750000,-9.489014,0.897263,2.452925,0.68992,0.11188,0.15319
1694787819757812,-9.480014,0.903263,2.441925,0.67392,0.10888,0.7419
1694787819765625,-9.473014,0.899263,2.461925,0.53092,0.14588,0.11819
1694787819773437,-9.460014,0.900263,2.465925,0.53392,0.20788,0.13619
1694787819781250,-9.449014,0.909263,2.461925,0.59492,0.20988,0.10419
1694787819789062,-9.422014,0.918263,2.470925,0.45692,0.13788,0.5719
1694787819796875,-9.417014,0.917263,2.448925,0.58392,0.8688,0.4419
1694787819804687,-9.411014,0.920263,2.461925,0.51992,0.5588,0.5919
1694787819812500,-9.413014,0.915263,2.461925,0.56392,0.4288,0.4119
1694787819820312,-9.417014,0.907263,2.461925,0.51492,0.9388,0.719
1694787819828125,-9.431014,0.902263,2.461925,0.45292,0.9388,0.2319
1694787819835937,-9.439014,0.889263,2.452925,0.47292,0.3888,0.5819
1694787819843750,-9.453014,0.896263,2.461925,0.48692,0.5788,0.4119
1694787819851562,-9.466014,0.889263,2.445925,0.45892,0.3688,0.5919
1694787819859375,-9.469014,0.905263,2.447925,0.45592,0.5788,0.4119
1694787819867187,-9.471014,0.894263,2.448925,0.47692,0.4988,0.6119
1694787819875000,-9.476014,0.898263,2.445925,0.51992,0.3888,0.2719
1694787819882812,-9.471014,0.881263,2.456925,0.45192,0.6388,0.3819
1694787819890625,-9.469014,0.890263,2.468925,0.46892,0.1288,0.5619
1694787819898437,-9.468014,0.881263,2.465925,0.46992,0.1088,0.4019
1694787819906250,-9.453014,0.880263,2.468925,0.48692,0.5788,0.5719
1694787819914062,-9.437014,0.885263,2.465925,0.45292,0.4688,0.8619
1694787819921875,-9.426014,0.893263,2.472925,0.48692,0.4388,0.8919
1694787819929687,-9.412014,0.886263,2.472925,0.57992,0.6188,0.8819
1694787819937500,-9.412014,0.884263,2.459925,0.62592,0.6388,0.12019
1694787819945312,-9.410014,0.871263,2.448925,0.59992,0.488,0.6119
1694787819953125,-9.419014,0.867263,2.432925,0.51692,0.4288,0.4119
1694787819960937,-9.439014,0.862263,2.414925,0.64592,0.12188,0.9219
1694787819968750,-9.468014,0.876263,2.414925,0.48492,0.10888,0.4019
1694787819976562,-9.496014,0.885263,2.402925,0.51792,0.8988,0.919
1694787819984375,-9.513014,0.884263,2.400925,0.56092,0.6388,0.881
1694787819992187,-9.534014,0.886263,2.384925,0.65692,0.6188,0.4119
1694787820000000,-9.516014,0.886263,2.402925,0.65492,0.4788,0.2419
1694787820007812,-9.502014,0.879263,2.416925,0.57692,0.11288,0.2319
1694787820015625,-9.497014,0.868263,2.416925,0.57692,0.7788,0.2381
1694787820023437,-9.479014,0.868263,2.432925,0.52792,0.4688,0.5681
1694787820031250,-9.466014,0.854263,2.450925,0.56292,0.5988,0.681
1694787820039062,-9.439014,0.842263,2.447925,0.53492,0.3888,0.481
1694787820046875,-9.423014,0.836263,2.454925,0.52992,0.6088,0.5581
1694787820054687,-9.411014,0.829263,2.470925,0.62392,0.2888,0.3881
1694787820062500,-9.405014,0.835263,2.463925,0.62392,0.412,0.5481
1694787820070312,-9.396014,0.842263,2.459925,0.59592,0.4112,0.5281
1694787820078125,-9.416014,0.846263,2.452925,0.56592,0.1012,0.3681
1694787820085937,-9.405014,0.857263,2.468925,0.67292,0.5512,0.2081
1694787820093750,-9.426014,0.871263,2.454925,0.67192,0.812,0.11581
1694787820101562,-9.428014,0.871263,2.432925,0.64192,0.3912,0.3681
1694787820109375,-9.443014,0.860263,2.432925,0.67092,0.412,0.5381
1694787820117187,-9.450014,0.863263,2.429925,0.68392,0.8188,0.4081
1694787820125000,-9.459014,0.858263,2.436925,0.64292,0.7188,0.6781
1694787820132812,-9.459014,0.854263,2.452925,0.68592,0.15788,0.8581
1694787820140625,-9.461014,0.849263,2.436925,0.65692,0.13988,0.5381
1694787820148437,-9.466014,0.838263,2.441925,0.62692,0.10488,0.6881
1694787820156250,-9.468014,0.841263,2.427925,0.50892,0.9988,0.9181
1694787820164062,-9.474014,0.832263,2.423925,0.64092,0.7588,0.5381
1694787820171875,-9.477014,0.834263,2.425925,0.70292,0.4288,0.5281
1694787820179687,-9.474014,0.841263,2.422925,0.71392,0.9788,0.12081
1694787820187500,-9.472014,0.843263,2.411925,0.68492,0.6088,0.11881
1694787820195312,-9.472014,0.845263,2.418925,0.69392,0.2388,0.10781
1694787820203125,-9.476014,0.828263,2.411925,0.68092,0.10188,0.5881
1694787820210937,-9.472014,0.845263,2.418925,0.69392,0.10388,0.10781
1694787820218750,-9.459014,0.850263,2.427925,0.71192,0.11888,0.9081
1694787820226562,-9.439014,0.851263,2.427925,0.61992,0.13088,0.8981
1694787820234375,-9.430014,0.853263,2.429925,0.70092,0.7988,0.3981
1694787820242187,-9.430014,0.853263,2.443925,0.71792,0.9188,0.8581
1694787820250000,-9.429014,0.849263,2.456925,0.67892,0.8588,0.13881
1694787820257812,-9.430014,0.860263,2.454925,0.66692,0.9788,0.10481
1694787820265625,-9.430014,0.867263,2.461925,0.69592,0.8388,0.16981
1694787820273437,-9.430014,0.867263,2.449925,0.71192,0.9988,0.15381
1694787820281250,-9.430014,0.867263,2.434925,0.65192,0.9788,0.8881
1694787820289062,-9.436014,0.858263,2.434925,0.60092,0.8788,0.7681
1694787820296875,-9.445014,0.856263,2.429925,0.50992,0.9788,0.12281
1694787820304687,-9.445014,0.836263,2.420925,0.54792,0.5788,0.3781
1694787820312500,-9.461014,0.825263,2.409925,0.46692,0.4488,0.5681
1694787820320312,-9.467014,0.821263,2.396925,0.49792,0.12688,0.5681
1694787820328125,-9.477014,0.834263,2.400925,0.62392,0.7788,0.3881
1694787820335937,-9.499014,0.848263,2.414925,0.59292,0.12488,0.5481
1694787820343750,-9.504014,0.839263,2.425925,0.63992,0.7788,0.681
1694787820351562,-9.499014,0.855263,2.438925,0.64092,0.7788,0.5719
1694787820359375,-9.477014,0.856263,2.450925,0.59592,0.9288,0.7319
1694787820367187,-9.468014,0.856263,2.432925,0.54892,0.8988,0.581
1694787820375000,-9.448014,0.872263,2.434925,0.48392,0.9688,0.7019
1694787820382812,-9.423014,0.858263,2.434925,0.44892,0.9988,0.5219
1694787820390625,-9.412014,0.846263,2.425925,0.46892,0.9188,0.2381
1694787820398437,-9.418014,0.831263,2.443925,0.44992,0.6588,0.519
1694787820406250,-9.412014,0.829263,2.432925,0.47392,0.3688,0.2719
1694787820414062,-9.421014,0.829263,2.423925,0.45492,0.788,0.919
1694787820421875,-9.436014,0.820263,2.418925,0.46592,0.9788,0.2119
1694787820429687,-9.445014,0.829263,2.420925,0.47292,0.3888,0.5819
1694787820437500,-9.450014,0.834263,2.414925,0.51592,0.3712,0.819
1694787820445312,-9.461014,0.832263,2.427925,0.51392,0.1188,0.5581
1694787820453125,-9.468014,0.830263,2.427925,0.52992,0.3512,0.881
1694787820460937,-9.466014,0.829263,2.414925,0.55392,0.1412,0.1319
1694787820468750,-9.459014,0.838263,2.407925,0.62592,0.7112,0.3681
1694787820476562,-9.454014,0.843263,2.411925,0.65992,0.7312,0.4419
1694787820484375,-9.441014,0.833263,2.414925,0.53692,0.5912,0.9219
1694787820492187,-9.445014,0.845263,2.407925,0.57992,0.2212,0.2619
1694787820500000,-9.450014,0.843263,2.425925,0.54992,0.4112,0.481
1694787820507812,-9.461014,0.845263,2.427925,0.56692,0.2612,0.4419
1694787820515625,-9.472014,0.838263,2.409925,0.54892,0.2488,0.1019
1694787820523437,-9.486014,0.830263,2.411925,0.50492,0.1212,0.381
1694787820531250,-9.490014,0.828263,2.420925,0.48492,0.4288,0.2381
1694787820539062,-9.499014,0.835263,2.427925,0.49892,0.412,0.3981
1694787820546875,-9.499014,0.823263,2.427925,0.48592,0.4112,0.3781
1694787820554687,-9.497014,0.830263,2.427925,0.47292,0.1212,0.2081
1694787820562500,-9.484014,0.834263,2.432925,0.50092,0.2488,0.3781
1694787820570312,-9.486014,0.837263,2.420925,0.45092,0.212,0.2581
1694787820578125,-9.475014,0.832263,2.425925,0.47292,0.688,0.2619
1694787820585937,-9.470014,0.832263,2.438925,0.49792,0.1688,0.3819
1694787820593750,-9.450014,0.825263,2.438925,0.43792,0.2688,0.819
1694787820601562,-9.443014,0.811263,2.434925,0.51992,0.2088,0.381
1694787820609375,-9.459014,0.811263,2.454925,0.55292,0.6312,0.4981
1694787820617187,-9.467014,0.799263,2.463925,0.43692,0.412,0.881
1694787820625000,-9.465014,0.823263,2.477925,0.46992,0.5988,0.2419
1694787820632812,-9.452014,0.832263,2.470925,0.45192,0.1188,0.4081
1694787820640625,-9.452014,0.829263,2.463925,0.46892,0.5688,0.5481
1694787820648437,-9.459014,0.832263,2.466925,0.45692,0.2912,0.3681
1694787820656250,-9.466014,0.829263,2.468925,0.47292,0.7612,0.481
1694787820664062,-9.470014,0.830263,2.436925,0.45192,0.5112,0.881
1694787820671875,-9.465014,0.818263,2.432925,0.44192,0.4512,0.2081
1694787820679687,-9.472014,0.805263,2.431925,0.46692,0.5112,0.881
1694787820687500,-9.478014,0.794263,2.436925,0.45292,0.1188,0.2319
1694787820695312,-9.480014,0.792263,2.422925,0.46592,0.6288,0.4181
1694787820703125,-9.482014,0.777263,2.420925,0.45192,0.2888,0.4081
1694787820710937,-9.492014,0.770263,2.411925,0.47392,0.1412,0.3581
1694787820718750,-9.482014,0.759263,2.409925,0.44792,0.4712,0.5881
1694787820726562,-9.491014,0.759263,2.422925,0.46592,0.3312,0.2219
1694787820734375,-9.476014,0.761263,2.432925,0.45292,0.1188,0.2319
1694787820742187,-9.466014,0.759263,2.429925,0.45292,0.2888,0.3919
1694787820750000,-9.464014,0.761263,2.438925,0.46992,0.2688,0.4019
1694787820757812,-9.466014,0.752263,2.474925,0.51292,0.6588,0.3819
1694787820765625,-9.448014,0.758263,2.472925,0.46792,0.1812,0.2319
1694787820773437,-9.444014,0.758263,2.463925,0.49292,0.3688,0.4481
1694787820781250,-9.435014,0.762263,2.477925,0.48392,0.2688,0.3981
1694787820789062,-9.422014,0.765263,2.470925,0.46592,0.1612,0.981
1694787820796875,-9.417014,0.753263,2.461925,0.47992,0.1588,0.5881
1694787820804687,-9.428014,0.758263,2.447925,0.45392,0.8812,0.2281
1694787820812500,-9.442014,0.749263,2.449925,0.46792,0.6712,0.719
1694787820820312,-9.444014,0.747263,2.445925,0.44792,0.6412,0.5881
1694787820828125,-9.459014,0.736263,2.436925,0.52992,0.1188,0.3981
1694787820835937,-9.464014,0.741263,2.413925,0.51492,0.212,0.2319
1694787820843750,-9.471014,0.732263,2.423925,0.46892,0.3912,0.2281
1694787820851562,-9.491014,0.728263,2.432925,0.48492,0.3912,0.3881
1694787820859375,-9.489014,0.739263,2.429925,0.50292,0.7312,0.581
1694787820867187,-9.489014,0.743263,2.438925,0.53392,0.4112,0.1019
1694787820875000,-9.482014,0.736263,2.436925,0.48892,0.1012,0.7519
1694787820882812,-9.482014,0.752263,2.445925,0.52692,0.6788,0.519
1694787820890625,-9.466014,0.743263,2.450925,0.53292,0.4588,0.12019
1694787820898437,-9.466014,0.738263,2.461925,0.59792,0.888,0.7519
1694787820906250,-9.462014,0.743263,2.447925,0.57792,0.1812,0.4019
1694787820914062,-9.457014,0.736263,2.458925,0.49892,0.5112,0.719
1694787820921875,-9.461014,0.721263,2.458925,0.54292,0.1612,0.4181
1694787820929687,-9.464014,0.725263,2.461925,0.53192,0.988,0.2281
1694787820937500,-9.468014,0.723263,2.463925,0.65892,0.4188,0.1119
1694787820945312,-9.466014,0.725263,2.465925,0.68692,0.5312,0.5381
1694787820953125,-9.446014,0.725263,2.468925,0.67292,0.2688,0.3781
1694787820960937,-9.446014,0.723263,2.454925,0.70192,0.1812,0.3881
1694787820968750,-9.434014,0.725263,2.447925,0.71492,0.0,0.7181
1694787820976562,-9.425014,0.722263,2.449925,0.69992,0.3312,0.5581
1694787820984375,-9.428014,0.736263,2.441925,0.70892,0.7712,0.81
1694787820992187,-9.435014,0.725263,2.431925,0.70492,0.10212,0.4319
1694787821000000,-9.448014,0.727263,2.431925,0.71992,0.8512,0.2719
1694787821007812,-9.462014,0.741263,2.413925,0.70392,0.11812,0.2081
1694787821015625,-9.480014,0.739263,2.387925,0.62692,0.7112,0.2719
1694787821023437,-9.484014,0.730263,2.384925,0.70692,0.4212,0.1881
1694787821031250,-9.500014,0.725263,2.384925,0.66292,0.6312,0.1681
1694787821039062,-9.504014,0.723263,2.373925,0.72792,0.4612,0.8019
1694787821046875,-9.515014,0.726263,2.380925,0.70292,0.1812,0.919
1694787821054687,-9.515014,0.719263,2.366925,0.71992,0.6912,0.481
1694787821062500,-9.529014,0.713263,2.357925,0.70992,0.488,0.4619
1694787821070312,-9.520014,0.717263,2.359925,0.71592,0.3012,0.2419
1694787821078125,-9.504014,0.721263,2.357925,0.70892,0.5588,0.9319
1694787821085937,-9.486014,0.730263,2.368925,0.73792,0.1088,0.7619
1694787821093750,-9.469014,0.743263,2.380925,0.76892,0.2488,0.1319
1694787821101562,-9.449014,0.756263,2.400925,0.70692,0.4012,0.1219
1694787821109375,-9.440014,0.756263,2.411925,0.72492,0.4212,0.7819
1694787821117187,-9.437014,0.754263,2.393925,0.70792,0.4012,0.7719
1694787821125000,-9.430014,0.754263,2.409925,0.71892,0.13312,0.1019
1694787821132812,-9.424014,0.758263,2.425925,0.70492,0.20012,0.381
1694787821140625,-9.415014,0.758263,2.411925,0.71892,0.14912,0.2181
1694787821148437,-9.406014,0.760263,2.414925,0.72392,0.22312,0.4881
1694787821156250,-9.411014,0.757263,2.412925,0.71192,0.19612,0.4681
1694787821164062,-9.424014,0.758263,2.396925,0.72492,0.17512,0.1581
1694787821171875,-9.453014,0.758263,2.398925,0.70992,0.17512,0.0
1694787821179687,-9.465014,0.776263,2.378925,0.72592,0.19012,0.6319
1694787821187500,-9.487014,0.779263,2.375925,0.75592,0.15912,0.1581
1694787821195312,-9.508014,0.801263,2.382925,0.74092,0.19212,0.3181
1694787821203125,-9.521014,0.815263,2.398925,0.70492,0.18112,0.7519
1694787821210937,-9.533014,0.817263,2.407925,0.75792,0.17312,0.9519
1694787821218750,-9.517014,0.815263,2.391925,0.72892,0.9512,0.12819
1694787821226562,-9.519014,0.821263,2.371925,0.72392,0.11812,0.17219
1694787821234375,-9.510014,0.812263,2.364925,0.67792,0.12212,0.14119
1694787821242187,-9.492014,0.810263,2.369925,0.67892,0.5812,0.12519
1694787821250000,-9.485014,0.794263,2.364925,0.72692,0.10712,0.15819
1694787821257812,-9.474014,0.794263,2.364925,0.72292,0.3812,0.10819
1694787821265625,-9.478014,0.781263,2.384925,0.69492,0.5812,0.14219
1694787821273437,-9.462014,0.776263,2.393925,0.71192,0.788,0.20619
1694787821281250,-9.467014,0.776263,2.402925,0.62792,0.8088,0.21619
1694787821289062,-9.449014,0.780263,2.414925,0.61492,0.2112,0.20319
1694787821296875,-9.454014,0.792263,2.432925,0.66092,0.312,0.21819
1694787821304687,-9.463014,0.796263,2.438925,0.63292,0.10712,0.14119
1694787821312500,-9.458014,0.796263,2.423925,0.64792,0.8912,0.18919
1694787821320312,-9.465014,0.794263,2.420925,0.71292,0.12612,0.15919
1694787821328125,-9.460014,0.801263,2.434925,0.70692,0.5212,0.15519
1694787821335937,-9.456014,0.801263,2.429925,0.69292,0.5412,0.15619
1694787821343750,-9.465014,0.794263,2.425925,0.69292,0.10312,0.15619
1694787821351562,-9.465014,0.796263,2.429925,0.68992,0.8512,0.7519
1694787821359375,-9.469014,0.794263,2.427925,0.63192,0.10812,0.10919
1694787821367187,-9.472014,0.798263,2.432925,0.61692,0.9312,0.9419
1694787821375000,-9.485014,0.794263,2.418925,0.67692,0.8912,0.6119
1694787821382812,-9.498014,0.784263,2.411925,0.70292,0.1612,0.7219
1694787821390625,-9.492014,0.790263,2.402925,0.70292,0.5112,0.4219
1694787821398437,-9.498014,0.781263,2.393925,0.71492,0.4712,0.2381
1694787821406250,-9.503014,0.779263,2.396925,0.67792,0.4212,0.9319
1694787821414062,-9.501014,0.783263,2.396925,0.66092,0.688,0.2919
1694787821421875,-9.503014,0.788263,2.398925,0.63892,0.212,0.781
1694787821429687,-9.494014,0.783263,2.393925,0.65492,0.1488,0.2381
1694787821437500,-9.483014,0.781263,2.396925,0.70492,0.512,0.2719
1694787821445312,-9.498014,0.786263,2.407925,0.57892,0.7788,0.8819
1694787821453125,-9.483014,0.790263,2.391925,0.57992,0.7588,0.7319
1694787821460937,-9.491014,0.777263,2.393925,0.62492,0.6388,0.7219
1694787821468750,-9.494014,0.786263,2.395925,0.54692,0.11088,0.5619
1694787821476562,-9.503014,0.788263,2.398925,0.61092,0.7888,0.8919
1694787821484375,-9.494014,0.803263,2.393925,0.64192,0.9288,0.4219
1694787821492187,-9.488014,0.817263,2.405925,0.58092,0.7688,0.12119
1694787821500000,-9.490014,0.801263,2.409925,0.58292,0.9088,0.12219
1694787821507812,-9.488014,0.812263,2.405925,0.70792,0.9088,0.10819
1694787821515625,-9.476014,0.805263,2.395925,0.68992,0.7888,0.13819
1694787821523437,-9.467014,0.796263,2.400925,0.67092,0.9888,0.10319
1694787821531250,-9.465014,0.794263,2.409925,0.62092,0.8688,0.8519
1694787821539062,-9.458014,0.794263,2.393925,0.57692,0.9688,0.5519
1694787821546875,-9.458014,0.790263,2.409925,0.56192,0.6388,0.3919
1694787821554687,-9.465014,0.787263,2.402925,0.56192,0.4788,0.5519
1694787821562500,-9.460014,0.789263,2.396925,0.55192,0.5388,0.1219
1694787821570312,-9.465014,0.790263,2.382925,0.57892,0.4288,0.2281
1694787821578125,-9.467014,0.778263,2.364925,0.60992,0.6188,0.2519
1694787821585937,-9.458014,0.778263,2.366925,0.61392,0.2412,0.7519
1694787821593750,-9.472014,0.789263,2.339925,0.61592,0.488,0.7719
1694787821601562,-9.478014,0.783263,2.344925,0.58292,0.712,0.10719
1694787821609375,-9.480014,0.797263,2.334925,0.68392,0.5912,0.11819
1694787821617187,-9.483014,0.796263,2.324925,0.59992,0.5612,0.15619
1694787821625000,-9.487014,0.801263,2.337925,0.59192,0.6788,0.10219
1694787821632812,-9.487014,0.817263,2.339925,0.59292,0.9888,0.11819
1694787821640625,-9.497014,0.810263,2.348925,0.60092,0.10088,0.7719
1694787821648437,-9.494014,0.799263,2.353925,0.64292,0.6188,0.12119
1694787821656250,-9.485014,0.803263,2.355925,0.65492,0.8488,0.13419
1694787821664062,-9.478014,0.797263,2.362925,0.54292,0.6988,0.6819
1694787821671875,-9.483014,0.805263,2.362925,0.67092,0.4988,0.10419
1694787821679687,-9.489014,0.797263,2.386925,0.73192,0.5588,0.16519
1694787821687500,-9.478014,0.792263,2.393925,0.65592,0.6888,0.18319
1694787821695312,-9.471014,0.797263,2.384925,0.68592,0.2088,0.18219
1694787821703125,-9.467014,0.803263,2.384925,0.72192,0.1288,0.12319
1694787821710937,-9.469014,0.790263,2.375925,0.70792,0.5788,0.9219
1694787821718750,-9.467014,0.805263,2.364925,0.71792,0.6588,0.8819
1694787821726562,-9.468014,0.823263,2.380925,0.70592,0.1088,0.4319
1694787821734375,-9.481014,0.825263,2.362925,0.71992,0.1288,0.5819
1694787821742187,-9.479014,0.832263,2.357925,0.70692,0.5788,0.4419
1694787821750000,-9.483014,0.828263,2.366925,0.72092,0.4388,0.5919
1694787821757812,-9.483014,0.830263,2.364925,0.69792,0.10288,0.519
1694787821765625,-9.481014,0.837263,2.375925,0.71592,0.6588,0.819
1694787821773437,-9.479014,0.825263,2.369925,0.65992,0.7388,0.5919
1694787821781250,-9.479014,0.834263,2.369925,0.68892,0.10888,0.4219
1694787821789062,-9.481014,0.825263,2.371925,0.71992,0.312,0.2619
1694787821796875,-9.483014,0.837263,2.375925,0.70092,0.6588,0.819
1694787821804687,-9.470014,0.818263,2.373925,0.71992,0.10888,0.2719
1694787821812500,-9.472014,0.812263,2.375925,0.70392,0.7788,0.2619
1694787821820312,-9.476014,0.810263,2.375925,0.71892,0.9688,0.8919
1694787821828125,-9.470014,0.814263,2.377925,0.73492,0.7888,0.4219
1694787821835937,-9.481014,0.823263,2.375925,0.70492,0.10888,0.2619
1694787821843750,-9.486014,0.828263,2.375925,0.73492,0.7788,0.1019
1694787821851562,-9.497014,0.832263,2.357925,0.77192,0.6788,0.3281
1694787821859375,-9.504014,0.832263,2.357925,0.70492,0.13988,0.2081
1694787821867187,-9.502014,0.837263,2.357925,0.71992,0.15588,0.5281
1694787821875000,-9.502014,0.836263,2.360925,0.73992,0.24588,0.4981
1694787821882812,-9.501014,0.835263,2.362925,0.70092,0.19288,0.7081
1694787821890625,-9.501014,0.832263,2.360925,0.71892,0.15788,0.3781
1694787821898437,-9.504014,0.830263,2.351925,0.72092,0.23788,0.2719
1694787821906250,-9.497014,0.823263,2.357925,0.70192,0.24188,0.819
1694787821914062,-9.481014,0.814263,2.360925,0.68892,0.30088,0.5281
1694787821921875,-9.479014,0.825263,2.369925,0.72292,0.26488,0.5081
1694787821929687,-9.483014,0.827263,2.369925,0.71792,0.23788,0.8581
1694787821937500,-9.479014,0.834263,2.387925,0.67492,0.21788,0.3581
1694787821945312,-9.468014,0.834263,2.382925,0.67392,0.20288,0.5281
1694787821953125,-9.456014,0.836263,2.398925,0.71292,0.23188,0.5881
1694787821960937,-9.457014,0.843263,2.398925,0.65592,0.14188,0.5481
1694787821968750,-9.450014,0.836263,2.400925,0.64292,0.10488,0.5281
1694787821976562,-9.441014,0.829263,2.429925,0.62892,0.8588,0.3581
1694787821984375,-9.445014,0.831263,2.427925,0.62492,0.12488,0.3881
1694787821992187,-9.450014,0.838263,2.423925,0.60892,0.10888,0.5481
1694787822000000,-9.456014,0.819263,2.436925,0.61592,0.13688,0.7681
1694787822007812,-9.449014,0.820263,2.427925,0.57592,0.12688,0.3981
1694787822015625,-9.456014,0.807263,2.416925,0.50292,0.10488,0.581
1694787822023437,-9.463014,0.794263,2.414925,0.51892,0.11888,0.2081
1694787822031250,-9.472014,0.794263,2.409925,0.59192,0.11088,0.5581
1694787822039062,-9.478014,0.796263,2.400925,0.64292,0.18688,0.3681
1694787822046875,-9.480014,0.794263,2.422925,0.65392,0.11288,0.2381
1694787822054687,-9.501014,0.801263,2.422925,0.66692,0.8388,0.5781
1694787822062500,-9.492014,0.803263,2.418925,0.68692,0.15988,0.2519
1694787822070312,-9.487014,0.805263,2.400925,0.70492,0.7588,0.1119
1694787822078125,-9.476014,0.803263,2.402925,0.65892,0.9088,0.4319
1694787822085937,-9.472014,0.792263,2.393925,0.56892,0.6788,0.1319
1694787822093750,-9.458014,0.796263,2.396925,0.51692,0.8988,0.2281
1694787822101562,-9.451014,0.787263,2.382925,0.61192,0.8788,0.2081
1694787822109375,-9.449014,0.765263,2.400925,0.62592,0.16988,0.6881
1694787822117187,-9.442014,0.760263,2.393925,0.69092,0.13988,0.7519
1694787822125000,-9.444014,0.751263,2.398925,0.64592,0.13788,0.9219
1694787822132812,-9.446014,0.747263,2.409925,0.68892,0.22588,0.10519
1694787822140625,-9.446014,0.749263,2.432925,0.71992,0.15788,0.2619
1694787822148437,-9.451014,0.747263,2.420925,0.72292,0.8888,0.4519
1694787822156250,-9.449014,0.760263,2.414925,0.70892,0.7088,0.4619
1694787822164062,-9.444014,0.769263,2.416925,0.71992,0.9288,0.481
1694787822171875,-9.462014,0.783263,2.420925,0.68992,0.4388,0.4319
1694787822179687,-9.465014,0.792263,2.434925,0.68992,0.9088,0.2719
1694787822187500,-9.456014,0.798263,2.434925,0.65792,0.9088,0.481
1694787822195312,-9.463014,0.814263,2.420925,0.67192,0.7788,0.919
1694787822203125,-9.463014,0.805263,2.427925,0.59492,0.9288,0.919
1694787822210937,-9.461014,0.803263,2.454925,0.58292,0.6988,0.1219
1694787822218750,-9.463014,0.798263,2.443925,0.70792,0.10288,0.1319
1694787822226562,-9.461014,0.794263,2.432925,0.70792,0.6988,0.3481
1694787822234375,-9.467014,0.783263,2.429925,0.65592,0.9188,0.5381
1694787822242187,-9.478014,0.767263,2.432925,0.69292,0.8488,0.3381
1694787822250000,-9.471014,0.761263,2.427925,0.67692,0.2812,0.3381
1694787822257812,-9.473014,0.767263,2.420925,0.65792,0.4388,0.1019
1694787822265625,-9.471014,0.754263,2.427925,0.61092,0.8988,0.3781
1694787822273437,-9.476014,0.770263,2.425925,0.68492,0.6388,0.5581
1694787822281250,-9.474014,0.774263,2.418925,0.65792,0.7388,0.2081
1694787822289062,-9.467014,0.785263,2.416925,0.58492,0.3488,0.2919
1694787822296875,-9.465014,0.785263,2.432925,0.67592,0.10288,0.1881
1694787822304687,-9.463014,0.794263,2.429925,0.59592,0.7388,0.2619
1694787822312500,-9.465014,0.794263,2.443925,0.53392,0.9088,0.2619
1694787822320312,-9.467014,0.796263,2.454925,0.59492,0.9288,0.2519
1694787822328125,-9.461014,0.816263,2.450925,0.65892,0.5788,0.2719
1694787822335937,-9.456014,0.823263,2.461925,0.56592,0.7688,0.12119
1694787822343750,-9.463014,0.820263,2.466925,0.63092,0.8688,0.4519
1694787822351562,-9.463014,0.814263,2.456925,0.64492,0.6988,0.281
1694787822359375,-9.472014,0.807263,2.465925,0.54592,0.9388,0.819
1694787822367187,-9.485014,0.805263,2.454925,0.62792,0.5788,0.1119
1694787822375000,-9.490014,0.792263,2.436925,0.59992,0.11988,0.10819
1694787822382812,-9.487014,0.794263,2.425925,0.53492,0.12088,0.2619
1694787822390625,-9.501014,0.788263,2.427925,0.56592,0.11888,0.3581
1694787822398437,-9.503014,0.777263,2.429925,0.62792,0.12388,0.4219
1694787822406250,-9.501014,0.790263,2.427925,0.54992,0.13788,0.1019
1694787822414062,-9.503014,0.799263,2.411925,0.45592,0.13788,0.4119
1694787822421875,-9.496014,0.797263,2.429925,0.50192,0.15588,0.4119
1694787822429687,-9.496014,0.792263,2.443925,0.56592,0.12388,0.7419
1694787822437500,-9.490014,0.788263,2.443925,0.48892,0.18488,0.5819
1694787822445312,-9.478014,0.781263,2.450925,0.45692,0.18688,0.7319
1694787822453125,-9.463014,0.785263,2.465925,0.50492,0.20088,0.9119
1694787822460937,-9.442014,0.791263,2.465925,0.53492,0.21988,0.7419
1694787822468750,-9.447014,0.798263,2.472925,0.43492,0.22988,0.8419
1694787822476562,-9.445014,0.796263,2.486925,0.50292,0.20288,0.5719
1694787822484375,-9.433014,0.789263,2.481925,0.54692,0.25888,0.10319
1694787822492187,-9.433014,0.765263,2.490925,0.51592,0.19288,0.7119
1694787822500000,-9.428014,0.760263,2.497925,0.45692,0.17088,0.8919
1694787822507812,-9.433014,0.765263,2.483925,0.51392,0.22788,0.5319
1694787822515625,-9.430014,0.760263,2.485925,0.59192,0.26288,0.10119
1694787822523437,-9.431014,0.760263,2.486925,0.59292,0.19488,0.7119
1694787822531250,-9.424014,0.762263,2.486925,0.58392,0.8688,0.6019
1694787822539062,-9.428014,0.753263,2.479925,0.62892,0.16788,0.1981
1694787822546875,-9.431014,0.762263,2.474925,0.61092,0.17488,0.7319
1694787822554687,-9.440014,0.763263,2.467925,0.57592,0.17888,0.3819
1694787822562500,-9.439014,0.761263,2.476925,0.58992,0.16588,0.6919
1694787822570312,-9.442014,0.763263,2.461925,0.56092,0.7988,0.2319
1694787822578125,-9.446014,0.758263,2.470925,0.64392,0.8888,0.381
1694787822585937,-9.428014,0.756263,2.474925,0.62492,0.7588,0.3781
1694787822593750,-9.428014,0.756263,2.486925,0.64592,0.10488,0.7619
1694787822601562,-9.433014,0.760263,2.470925,0.58992,0.3488,0.2219
1694787822609375,-9.446014,0.760263,2.477925,0.54692,0.4488,0.819
1694787822617187,-9.446014,0.756263,2.472925,0.68892,0.4388,0.481
1694787822625000,-9.442014,0.760263,2.479925,0.67192,0.5988,0.5381
1694787822632812,-9.441014,0.743263,2.474925,0.69892,0.1888,0.4081
1694787822640625,-9.442014,0.749263,2.483925,0.70192,0.1612,0.4019
1694787822648437,-9.444014,0.745263,2.483925,0.71692,0.4688,0.5481
1694787822656250,-9.437014,0.741263,2.483925,0.68292,0.1212,0.981
1694787822664062,-9.433014,0.749263,2.481925,0.66892,0.1612,0.3981
1694787822671875,-9.428014,0.765263,2.479925,0.65492,0.4488,0.5481
1694787822679687,-9.431014,0.769263,2.470925,0.68792,0.6912,0.3781
1694787822687500,-9.433014,0.773263,2.461925,0.59692,0.5712,0.481
1694787822695312,-9.447014,0.776263,2.468925,0.51792,0.888,0.2619
1694787822703125,-9.451014,0.778263,2.468925,0.48692,0.9012,0.1019
1694787822710937,-9.460014,0.781263,2.468925,0.51592,0.612,0.5481
1694787822718750,-9.462014,0.763263,2.454925,0.51792,0.7412,0.3781
1694787822726562,-9.451014,0.765263,2.450925,0.51792,0.588,0.5281
1694787822734375,-9.460014,0.754263,2.452925,0.45092,0.5112,0.4081
1694787822742187,-9.469014,0.765263,2.452925,0.53592,0.2812,0.381
1694787822750000,-9.482014,0.750263,2.458925,0.63992,0.3088,0.819
1694787822757812,-9.487014,0.748263,2.452925,0.61192,0.7312,0.1981
1694787822765625,-9.493014,0.752263,2.447925,0.61092,0.5788,0.5381
1694787822773437,-9.491014,0.746263,2.456925,0.57992,0.2688,0.2619
1694787822781250,-9.487014,0.752263,2.445925,0.68192,0.9688,0.6419
1694787822789062,-9.471014,0.745263,2.443925,0.70592,0.3812,0.6019
1694787822796875,-9.446014,0.747263,2.432925,0.67392,0.2688,0.2719
1694787822804687,-9.428014,0.762263,2.425925,0.70192,0.3088,0.2281
1694787822812500,-9.435014,0.760263,2.427925,0.62892,0.2612,0.1219
1694787822820312,-9.420014,0.778263,2.434925,0.48492,0.5988,0.781
1694787822828125,-9.429014,0.793263,2.443925,0.57892,0.5988,0.919
1694787822835937,-9.427014,0.800263,2.465925,0.59292,0.4288,0.7081
1694787822843750,-9.427014,0.820263,2.472925,0.65092,0.6988,0.1081
1694787822851562,-9.443014,0.803263,2.499925,0.59792,0.888,0.5919
1694787822859375,-9.438014,0.796263,2.504925,0.51892,0.888,0.4219
1694787822867187,-9.451014,0.772263,2.508925,0.45292,0.4288,0.2381
1694787822875000,-9.464014,0.754263,2.481925,0.47092,0.7188,0.5381
1694787822882812,-9.464014,0.736263,2.456925,0.47092,0.588,0.5381
1694787822890625,-9.482014,0.725263,2.472925,0.45592,0.7612,0.3681
1694787822898437,-9.500014,0.744263,2.477925,0.48292,0.6088,0.2481
1694787822906250,-9.500014,0.755263,2.463925,0.52592,0.5088,0.5881
1694787822914062,-9.505014,0.761263,2.472925,0.53092,0.5988,0.3881
1694787822921875,-9.503014,0.759263,2.465925,0.58292,0.3988,0.6019
1694787822929687,-9.500014,0.764263,2.447925,0.67392,0.6188,0.12219
1694787822937500,-9.500014,0.757263,2.429925,0.62592,0.9488,0.8919
1694787822945312,-9.487014,0.743263,2.418925,0.56492,0.7388,0.4219
1694787822953125,-9.471014,0.732263,2.429925,0.51392,0.9588,0.2219
1694787822960937,-9.468014,0.723263,2.432925,0.48892,0.7188,0.5819
1694787822968750,-9.464014,0.725263,2.432925,0.45692,0.10488,0.4219
1694787822976562,-9.455014,0.716263,2.430925,0.46092,0.4788,0.181
1694787822984375,-9.446014,0.725263,2.461925,0.54992,0.13988,0.5719
1694787822992187,-9.446014,0.729263,2.465925,0.51692,0.5988,0.4119
1694787823000000,-9.442014,0.731263,2.474925,0.50392,0.5588,0.2619
1694787823007812,-9.428014,0.731263,2.483925,0.53392,0.888,0.2619
1694787823015625,-9.430014,0.731263,2.490925,0.46692,0.412,0.8881
1694787823023437,-9.426014,0.722263,2.501925,0.59292,0.4288,0.7081
1694787823031250,-9.426014,0.727263,2.501925,0.51492,0.1188,0.2381
1694787823039062,-9.435014,0.731263,2.490925,0.57692,0.7012,0.5481
1694787823046875,-9.435014,0.738263,2.486925,0.54892,0.2412,0.3781
1694787823054687,-9.426014,0.740263,2.486925,0.57092,0.6512,0.0
1694787823062500,-9.435014,0.745263,2.476925,0.66992,0.3512,0.7081
1694787823070312,-9.444014,0.743263,2.472925,0.59792,0.4212,0.1219
1694787823078125,-9.453014,0.727263,2.468925,0.56392,0.8612,0.2519
1694787823085937,-9.462014,0.727263,2.459925,0.64692,0.12412,0.6119
1694787823093750,-9.464014,0.721263,2.456925,0.67892,0.6112,0.6219
1694787823101562,-9.466014,0.725263,2.445925,0.61192,0.7312,0.1981
1694787823109375,-9.477014,0.721263,2.459925,0.67792,0.9412,0.1781
1694787823117187,-9.473014,0.730263,2.452925,0.72192,0.13712,0.1219
1694787823125000,-9.484014,0.730263,2.454925,0.70592,0.11612,0.12219
1694787823132812,-9.484014,0.732263,2.452925,0.72292,0.5612,0.6119
1694787823140625,-9.482014,0.723263,2.454925,0.72392,0.2788,0.15519
1694787823148437,-9.464014,0.725263,2.465925,0.69192,0.4012,0.7619
1694787823156250,-9.466014,0.725263,2.481925,0.66192,0.2388,0.10919
1694787823164062,-9.466014,0.721263,2.483925,0.64292,0.2688,0.7419
1694787823171875,-9.473014,0.734263,2.486925,0.69392,0.912,0.9319
1694787823179687,-9.471014,0.743263,2.483925,0.69192,0.4188,0.9219
1694787823187500,-9.484014,0.754263,2.474925,0.71792,0.11288,0.5719
1694787823195312,-9.480014,0.761263,2.483925,0.69992,0.3488,0.3919
1694787823203125,-9.477014,0.757263,2.483925,0.71592,0.1212,0.7119
1694787823210937,-9.478014,0.756263,2.470925,0.70692,0.2488,0.6019
1694787823218750,-9.486014,0.757263,2.449925,0.69892,0.3688,0.5419
1694787823226562,-9.473014,0.756263,2.416925,0.72192,0.2488,0.2819
1694787823234375,-9.473014,0.741263,2.431925,0.70392,0.9488,0.4219
1694787823242187,-9.471014,0.736263,2.443925,0.73992,0.7488,0.12419
1694787823250000,-9.462014,0.730263,2.429925,0.64192,0.11088,0.7319
1694787823257812,-9.473014,0.725263,2.436925,0.64092,0.14388,0.5619
1694787823265625,-9.482014,0.721263,2.449925,0.73392,0.9888,0.10419
1694787823273437,-9.464014,0.725263,2.450925,0.70692,0.15688,0.9119
1694787823281250,-9.471014,0.725263,2.450925,0.72592,0.13588,0.12619
1694787823289062,-9.459014,0.725263,2.445925,0.70692,0.17088,0.6019
1694787823296875,-9.459014,0.721263,2.465925,0.72292,0.12188,0.4419
1694787823304687,-9.459014,0.727263,2.454925,0.70792,0.5788,0.9219
1694787823312500,-9.446014,0.723263,2.449925,0.71892,0.9688,0.8919
1694787823320312,-9.450014,0.725263,2.447925,0.73492,0.9688,0.8919
1694787823328125,-9.446014,0.725263,2.449925,0.70192,0.8288,0.5619
1694787823335937,-9.450014,0.729263,2.445925,0.71992,0.17688,0.7319
1694787823343750,-9.446014,0.734263,2.432925,0.70592,0.10988,0.10719
1694787823351562,-9.442014,0.740263,2.429925,0.72292,0.12388,0.7619
1694787823359375,-9.450014,0.734263,2.418925,0.70292,0.8088,0.5719
1694787823367187,-9.457014,0.736263,2.425925,0.71892,0.9488,0.1019
1694787823375000,-9.457014,0.747263,2.423925,0.70792,0.7288,0.7719
1694787823382812,-9.462014,0.732263,2.420925,0.69592,0.8488,0.9519
1694787823390625,-9.471014,0.730263,2.423925,0.69192,0.712,0.7619
1694787823398437,-9.473014,0.739263,2.423925,0.70592,0.5412,0.6019
1694787823406250,-9.464014,0.727263,2.425925,0.69092,0.5788,0.2819
1694787823414062,-9.471014,0.723263,2.423925,0.70692,0.5788,0.7619
1694787823421875,-9.459014,0.723263,2.420925,0.71892,0.7788,0.1019
1694787823429687,-9.462014,0.721263,2.434925,0.72592,0.2188,0.9419
1694787823437500,-9.448014,0.709263,2.416925,0.70892,0.7312,0.9319
1694787823445312,-9.459014,0.723263,2.411925,0.68992,0.512,0.4319
1694787823453125,-9.448014,0.720263,2.416925,0.72492,0.3788,0.4619
1694787823460937,-9.430014,0.722263,2.438925,0.70892,0.4012,0.10919
1694787823468750,-9.434014,0.729263,2.434925,0.71792,0.8288,0.8819
1694787823476562,-9.419014,0.725263,2.447925,0.69892,0.8388,0.719
1694787823484375,-9.421014,0.724263,2.454925,0.72192,0.3812,0.7619
1694787823492187,-9.426014,0.731263,2.450925,0.70592,0.8712,0.4419
1694787823500000,-9.430014,0.738263,2.472925,0.72492,0.13812,0.9419
1694787823507812,-9.439014,0.736263,2.479925,0.70692,0.5412,0.7619
1694787823515625,-9.448014,0.732263,2.472925,0.71992,0.8312,0.5819
1694787823523437,-9.460014,0.747263,2.472925,0.70492,0.10212,0.4319
1694787823531250,-9.471014,0.743263,2.456925,0.69192,0.12212,0.4519
1694787823539062,-9.480014,0.741263,2.452925,0.64792,0.15912,0.4719
1694787823546875,-9.498014,0.743263,2.447925,0.60992,0.20012,0.3781
1694787823554687,-9.498014,0.735263,2.445925,0.51592,0.15112,0.681
1694787823562500,-9.500014,0.724263,2.438925,0.59392,0.16612,0.681
1694787823570312,-9.500014,0.726263,2.429925,0.59492,0.10212,0.4219
1694787823578125,-9.500014,0.726263,2.429925,0.61492,0.10812,0.6119
1694787823585937,-9.506014,0.717263,2.434925,0.70492,0.18412,0.1219
1694787823593750,-9.509014,0.710263,2.443925,0.65992,0.7312,0.4419
1694787823601562,-9.499014,0.706263,2.441925,0.70692,0.4012,0.1219
1694787823609375,-9.504014,0.719263,2.443925,0.70392,0.5312,0.1119
1694787823617187,-9.500014,0.717263,2.465925,0.72492,0.4212,0.7819
1694787823625000,-9.486014,0.721263,2.468925,0.70692,0.3988,0.1319
1694787823632812,-9.480014,0.725263,2.479925,0.70992,0.288,0.0
1694787823640625,-9.473014,0.723263,2.483925,0.71792,0.6388,0.919
1694787823648437,-9.455014,0.734263,2.501925,0.70292,0.4288,0.5281
1694787823656250,-9.453014,0.747263,2.499925,0.71892,0.5988,0.3681
1694787823664062,-9.446014,0.754263,2.497925,0.73792,0.688,0.5081
1694787823671875,-9.442014,0.758263,2.501925,0.75292,0.688,0.6681
1694787823679687,-9.428014,0.758263,2.501925,0.81592,0.12188,0.1881
1694787823687500,-9.427014,0.784263,2.497925,0.83292,0.3988,0.1419
1694787823695312,-9.426014,0.773263,2.488925,0.79892,0.312,0.5919
1694787823703125,-9.427014,0.782263,2.474925,0.72392,0.7288,0.7719
1694787823710937,-9.436014,0.778263,2.465925,0.69192,0.2288,0.4519
1694787823718750,-9.446014,0.772263,2.443925,0.68992,0.6188,0.10619
1694787823726562,-9.462014,0.765263,2.432925,0.67792,0.2088,0.3019
1694787823734375,-9.478014,0.772263,2.434925,0.66892,0.8188,0.719
1694787823742187,-9.491014,0.761263,2.434925,0.70292,0.4588,0.1019
1694787823750000,-9.500014,0.772263,2.456925,0.72092,0.7688,0.5919
1694787823757812,-9.500014,0.770263,2.470925,0.70492,0.15788,0.4219
1694787823765625,-9.503014,0.763263,2.456925,0.69292,0.11988,0.4519
1694787823773437,-9.496014,0.759263,2.450925,0.62992,0.15688,0.13819
1694787823781250,-9.489014,0.759263,2.454925,0.61692,0.7088,0.12519
1694787823789062,-9.473014,0.752263,2.454925,0.68792,0.11288,0.10419
1694787823796875,-9.453014,0.747263,2.449925,0.71892,0.6388,0.5719
1694787823804687,-9.437014,0.729263,2.443925,0.70892,0.7288,0.9319
1694787823812500,-9.437014,0.734263,2.429925,0.72392,0.4188,0.10819
1694787823820312,-9.432014,0.725263,2.436925,0.70992,0.2088,0.7819
1694787823828125,-9.435014,0.724263,2.452925,0.66592,0.6388,0.4819
1694787823835937,-9.446014,0.731263,2.461925,0.69392,0.3988,0.14119
1694787823843750,-9.428014,0.738263,2.468925,0.67692,0.4188,0.12419
1694787823851562,-9.433014,0.740263,2.468925,0.64492,0.5788,0.10719
1694787823859375,-9.438014,0.749263,2.475925,0.71392,0.3188,0.9719
1694787823867187,-9.442014,0.758263,2.463925,0.70692,0.12588,0.15519
1694787823875000,-9.442014,0.749263,2.472925,0.72992,0.0,0.9819
1694787823882812,-9.457014,0.747263,2.468925,0.70692,0.3612,0.13919
1694787823890625,-9.464014,0.745263,2.468925,0.72792,0.3012,0.9619
1694787823898437,-9.460014,0.745263,2.463925,0.70792,0.2488,0.7619
1694787823906250,-9.471014,0.754263,2.454925,0.72392,0.3788,0.181
1694787823914062,-9.478014,0.758263,2.441925,0.71192,0.3212,0.3219
1694787823921875,-9.493014,0.746263,2.434925,0.72292,0.8912,0.4519
1694787823929687,-9.503014,0.755263,2.427925,0.69292,0.2612,0.6119
1694787823937500,-9.500014,0.755263,2.423925,0.70692,0.2488,0.4419
1694787823945312,-9.500014,0.748263,2.429925,0.72492,0.1112,0.4619
1694787823953125,-9.503014,0.761263,2.425925,0.70592,0.2488,0.381
1694787823960937,-9.496014,0.759263,2.432925,0.72092,0.2688,0.4319
1694787823968750,-9.494014,0.761263,2.436925,0.71192,0.3388,0.6419
1694787823976562,-9.491014,0.761263,2.427925,0.65592,0.1488,0.4119
1694787823984375,-9.469014,0.759263,2.450925,0.62692,0.2688,0.5819
1694787823992187,-9.462014,0.763263,2.465925,0.63192,0.5388,0.9319
1694787824000000,-9.449014,0.765263,2.479925,0.69092,0.1288,0.13819
1694787824007812,-9.451014,0.769263,2.481925,0.69792,0.4788,0.9719
1694787824015625,-9.442014,0.780263,2.490925,0.57092,0.288,0.9419
1694787824023437,-9.445014,0.798263,2.484925,0.55392,0.488,0.9319
1694787824031250,-9.440014,0.800263,2.490925,0.61592,0.3788,0.6119
1694787824039062,-9.436014,0.795263,2.481925,0.70092,0.5212,0.13119
1694787824046875,-9.443014,0.796263,2.468925,0.72892,0.88,0.8019
1694787824054687,-9.452014,0.791263,2.459925,0.71392,0.1488,0.6519
1694787824062500,-9.463014,0.785263,2.457925,0.72992,0.5088,0.14419
1694787824070312,-9.467014,0.781263,2.447925,0.67892,0.7088,0.10919
1694787824078125,-9.473014,0.772263,2.429925,0.67392,0.1288,0.9019
1694787824085937,-9.474014,0.758263,2.421925,0.74492,0.1512,0.9719
1694787824093750,-9.487014,0.759263,2.409925,0.64592,0.7288,0.7619
1694787824101562,-9.501014,0.757263,2.405925,0.63392,0.6688,0.7919
1694787824109375,-9.501014,0.761263,2.412925,0.68092,0.6688,0.7919
1694787824117187,-9.498014,0.759263,2.396925,0.69292,0.8888,0.7619
1694787824125000,-9.485014,0.761263,2.416925,0.70492,0.9288,0.2619
1694787824132812,-9.476014,0.759263,2.418925,0.63092,0.5588,0.10819
1694787824140625,-9.465014,0.774263,2.429925,0.61192,0.10888,0.7319
1694787824148437,-9.453014,0.783263,2.443925,0.64292,0.7688,0.9019
1694787824156250,-9.440014,0.778263,2.450925,0.66392,0.8688,0.12519
1694787824164062,-9.440014,0.778263,2.447925,0.65592,0.6588,0.10319
1694787824171875,-9.449014,0.763263,2.450925,0.67492,0.10688,0.5919
1694787824179687,-9.438014,0.762263,2.452925,0.69792,0.6488,0.8119
1694787824187500,-9.426014,0.749263,2.445925,0.65992,0.9088,0.5919
1694787824195312,-9.431014,0.742263,2.441925,0.56792,0.6988,0.2819
1694787824203125,-9.424014,0.744263,2.443925,0.67792,0.8688,0.6119
1694787824210937,-9.426014,0.742263,2.445925,0.70692,0.5788,0.7619
1694787824218750,-9.433014,0.747263,2.443925,0.72192,0.3988,0.1881
1694787824226562,-9.446014,0.745263,2.438925,0.71092,0.1112,0.12719
1694787824234375,-9.453014,0.745263,2.432925,0.72592,0.2812,0.7919
1694787824242187,-9.466014,0.752263,2.427925,0.70592,0.10412,0.1219
1694787824250000,-9.473014,0.752263,2.420925,0.70892,0.7512,0.7819
1694787824257812,-9.482014,0.756263,2.418925,0.71192,0.9512,0.6419
1694787824265625,-9.491014,0.761263,2.414925,0.70692,0.5712,0.2919
1694787824273437,-9.487014,0.761263,2.429925,0.70492,0.2012,0.5819
1694787824281250,-9.491014,0.754263,2.429925,0.70492,0.3612,0.7519
1694787824289062,-9.489014,0.770263,2.436925,0.70992,0.2088,0.6219
1694787824296875,-9.478014,0.765263,2.436925,0.70692,0.712,0.6019
1694787824304687,-9.469014,0.763263,2.429925,0.70892,0.688,0.7719
1694787824312500,-9.460014,0.769263,2.443925,0.70792,0.712,0.7619
1694787824320312,-9.444014,0.760263,2.459925,0.70892,0.8688,0.3019
1694787824328125,-9.442014,0.760263,2.463925,0.70792,0.2288,0.2919
1694787824335937,-9.442014,0.758263,2.472925,0.70692,0.712,0.4419
1694787824343750,-9.442014,0.758263,2.470925,0.70692,0.4012,0.2819
1694787824351562,-9.442014,0.765263,2.474925,0.70892,0.488,0.3019
1694787824359375,-9.437014,0.760263,2.479925,0.70492,0.6188,0.7419
1694787824367187,-9.449014,0.774263,2.483925,0.70792,0.2288,0.2919
1694787824375000,-9.447014,0.783263,2.483925,0.70392,0.2012,0.1019
1694787824382812,-9.458014,0.781263,2.477925,0.70792,0.712,0.10819
1694787824390625,-9.472014,0.778263,2.459925,0.71292,0.3212,0.6419
1694787824398437,-9.478014,0.768263,2.450925,0.70392,0.5312,0.481
1694787824406250,-9.485014,0.763263,2.447925,0.70292,0.412,0.581
1694787824414062,-9.492014,0.761263,2.452925,0.70892,0.6788,0.1681
1694787824421875,-9.496014,0.774263,2.438925,0.70792,0.7288,0.4519
1694787824429687,-9.503014,0.772263,2.445925,0.70592,0.5712,0.281
1694787824437500,-9.500014,0.761263,2.445925,0.70492,0.1088,0.1119
1694787824445312,-9.502014,0.757263,2.427925,0.70392,0.4588,0.5819
1694787824453125,-9.491014,0.759263,2.432925,0.70492,0.312,0.7419
1694787824460937,-9.496014,0.759263,2.439925,0.71292,0.8288,0.9619
1694787824468750,-9.491014,0.765263,2.454925,0.70692,0.10688,0.7619
1694787824476562,-9.474014,0.774263,2.447925,0.70892,0.7288,0.10919
1694787824484375,-9.458014,0.772263,2.463925,0.71092,0.8488,0.7919
1694787824492187,-9.458014,0.783263,2.468925,0.70592,0.7688,0.9119
1694787824500000,-9.447014,0.796263,2.468925,0.70492,0.9288,0.5919
1694787824507812,-9.436014,0.794263,2.488925,0.70692,0.5788,0.4419
1694787824515625,-9.422014,0.795263,2.481925,0.72892,0.9988,0.12819
1694787824523437,-9.420014,0.804263,2.479925,0.70592,0.9088,0.1119
1694787824531250,-9.409014,0.793263,2.465925,0.72092,0.4388,0.4319
1694787824539062,-9.420014,0.798263,2.468925,0.67392,0.2988,0.10619
1694787824546875,-9.433014,0.785263,2.452925,0.58192,0.5588,0.4319
1694787824554687,-9.449014,0.776263,2.436925,0.62892,0.5788,0.5919
1694787824562500,-9.469014,0.774263,2.427925,0.52092,0.2088,0.1219
1694787824570312,-9.496014,0.761263,2.400925,0.66192,0.3788,0.4519
1694787824578125,-9.509014,0.759263,2.420925,0.70792,0.5588,0.2919
1694787824585937,-9.518014,0.759263,2.429925,0.64492,0.10488,0.4419
1694787824593750,-9.516014,0.761263,2.427925,0.70792,0.8888,0.6119
1694787824601562,-9.509014,0.753263,2.422925,0.70292,0.6388,0.7319
1694787824609375,-9.495014,0.739263,2.407925,0.68992,0.5988,0.7519
1694787824617187,-9.488014,0.737263,2.413925,0.71592,0.10088,0.5519
1694787824625000,-9.472014,0.710263,2.411925,0.70292,0.8288,0.10419
1694787824632812,-9.455014,0.714263,2.413925,0.72092,0.9488,0.12219
1694787824640625,-9.450014,0.707263,2.425925,0.70492,0.7888,0.9019
1694787824648437,-9.439014,0.720263,2.429925,0.72392,0.12188,0.10919
1694787824656250,-9.441014,0.720263,2.438925,0.70492,0.9488,0.10619
1694787824664062,-9.432014,0.731263,2.463925,0.70492,0.4588,0.7419
1694787824671875,-9.437014,0.747263,2.468925,0.72092,0.5988,0.5919
1694787824679687,-9.431014,0.762263,2.465925,0.70292,0.4788,0.4119
1694787824687500,-9.429014,0.782263,2.479925,0.72192,0.512,0.9219
1694787824695312,-9.429014,0.787263,2.483925,0.74992,0.4788,0.2519
1694787824703125,-9.431014,0.785263,2.481925,0.73492,0.5012,0.4219
1694787824710937,-9.424014,0.789263,2.470925,0.74692,0.3488,0.4019
1694787824718750,-9.420014,0.802263,2.486925,0.83492,0.3788,0.7919
1694787824726562,-9.432014,0.818263,2.488925,0.70592,0.512,0.5919
1694787824734375,-9.439014,0.827263,2.479925,0.72492,0.7512,0.4619
1694787824742187,-9.454014,0.829263,2.472925,0.70792,0.688,0.4519
1694787824750000,-9.466014,0.832263,2.461925,0.72792,0.9512,0.6419
1694787824757812,-9.479014,0.827263,2.461925,0.69392,0.6112,0.1419
1694787824765625,-9.490014,0.805263,2.452925,0.69392,0.4412,0.1419
1694787824773437,-9.498014,0.790263,2.456925,0.69092,0.7112,0.6019
1694787824781250,-9.503014,0.797263,2.443925,0.71192,0.12812,0.4819
1694787824789062,-9.501014,0.781263,2.445925,0.59892,0.12412,0.4519
1694787824796875,-9.501014,0.779263,2.434925,0.64892,0.1312,0.6319
1694787824804687,-9.501014,0.772263,2.429925,0.56792,0.2612,0.9219
1694787824812500,-9.500014,0.759263,2.432925,0.50292,0.1088,0.8919
1694787824820312,-9.502014,0.746263,2.438925,0.48492,0.2888,0.7219
1694787824828125,-9.493014,0.744263,2.458925,0.51492,0.9888,0.15019
1694787824835937,-9.489014,0.761263,2.472925,0.59892,0.4188,0.12319
1694787824843750,-9.476014,0.756263,2.479925,0.49192,0.10088,0.10819
1694787824851562,-9.460014,0.769263,2.477925,0.48692,0.15588,0.8919
1694787824859375,-9.440014,0.778263,2.495925,0.61492,0.6988,0.4519
1694787824867187,-9.426014,0.776263,2.501925,0.69392,0.2388,0.12519
1694787824875000,-9.411014,0.786263,2.504925,0.59792,0.10688,0.12219
1694787824882812,-9.406014,0.773263,2.497925,0.69392,0.5588,0.14119
1694787824890625,-9.406014,0.764263,2.490925,0.58192,0.888,0.7519
1694787824898437,-9.410014,0.755263,2.483925,0.64492,0.5788,0.10719
1694787824906250,-9.405014,0.742263,2.461925,0.67192,0.4988,0.13619
1694787824914062,-9.424014,0.742263,2.445925,0.70492,0.5988,0.4319
1694787824921875,-9.439014,0.736263,2.429925,0.71992,0.4588,0.5819
1694787824929687,-9.464014,0.727263,2.411925,0.70592,0.5788,0.1219
1694787824937500,-9.468014,0.736263,2.427925,0.72192,0.1088,0.5919
1694787824945312,-9.489014,0.757263,2.409925,0.70692,0.5588,0.1319
1694787824953125,-9.505014,0.752263,2.418925,0.72692,0.0,0.1581
1694787824960937,-9.507014,0.766263,2.420925,0.70392,0.3088,0.7319
1694787824968750,-9.503014,0.770263,2.427925,0.75092,0.3188,0.7419
1694787824976562,-9.492014,0.768263,2.436925,0.79192,0.7812,0.12919
1694787824984375,-9.469014,0.772263,2.454925,0.72492,0.4412,0.1519
1694787824992187,-9.451014,0.780263,2.436925,0.78492,0.2412,0.281
1694787825000000,-9.445014,0.794263,2.443925,0.80292,0.5612,0.11019
1694787825007812,-9.429014,0.796263,2.452925,0.76992,0.2112,0.10819
1694787825015625,-9.422014,0.796263,2.450925,0.72392,0.888,0.9219
1694787825023437,-9.417014,0.793263,2.461925,0.78192,0.4812,0.12219
1694787825031250,-9.429014,0.798263,2.468925,0.80392,0.10512,0.14219
1694787825039062,-9.429014,0.800263,2.456925,0.70792,0.8912,0.7719
1694787825046875,-9.429014,0.807263,2.459925,0.72592,0.6112,0.4719
1694787825054687,-9.447014,0.814263,2.452925,0.70992,0.2088,0.6219
1694787825062500,-9.447014,0.803263,2.454925,0.72292,0.8712,0.7619
1694787825070312,-9.465014,0.796263,2.447925,0.70792,0.5612,0.9319
1694787825078125,-9.461014,0.796263,2.452925,0.72492,0.10812,0.6219
1694787825085937,-9.465014,0.794263,2.443925,0.67892,0.9112,0.11019
1694787825093750,-9.469014,0.787263,2.461925,0.64392,0.7112,0.7519
1694787825101562,-9.462014,0.778263,2.456925,0.72592,0.12412,0.9419
1694787825109375,-9.456014,0.772263,2.461925,0.70792,0.5612,0.7719
1694787825117187,-9.447014,0.760263,2.452925,0.72692,0.14212,0.8019
1694787825125000,-9.453014,0.760263,2.448925,0.71292,0.13012,0.3319
1694787825132812,-9.456014,0.756263,2.454925,0.72792,0.6212,0.11219
1694787825140625,-9.458014,0.751263,2.448925,0.77792,0.14812,0.8319
1694787825148437,-9.465014,0.761263,2.465925,0.75792,0.7712,0.6319
1694787825156250,-9.476014,0.759263,2.461925,0.72192,0.2212,0.4419
1694787825164062,-9.489014,0.768263,2.470925,0.70992,0.912,0.10919
1694787825171875,-9.487014,0.772263,2.472925,0.72792,0.1512,0.6519
1694787825179687,-9.501014,0.779263,2.450925,0.72392,0.7312,0.9319
1694787825187500,-9.492014,0.788263,2.447925,0.75592,0.4212,0.7819
1694787825195312,-9.503014,0.794263,2.461925,0.74592,0.3412,0.8219
1694787825203125,-9.494014,0.794263,2.459925,0.72492,0.3988,0.9319
1694787825210937,-9.483014,0.797263,2.456925,0.65892,0.312,0.12219
1694787825218750,-9.476014,0.792263,2.456925,0.69092,0.2988,0.13819
1694787825226562,-9.474014,0.805263,2.438925,0.72192,0.7688,0.9119
1694787825234375,-9.458014,0.805263,2.441925,0.70592,0.9288,0.9119
1694787825242187,-9.447014,0.792263,2.458925,0.71792,0.6388,0.2519
1694787825250000,-9.442014,0.794263,2.454925,0.72092,0.10888,0.5919
1694787825257812,-9.429014,0.778263,2.463925,0.70592,0.5988,0.5919
1694787825265625,-9.431014,0.773263,2.454925,0.72892,0.4788,0.4919
1694787825273437,-9.433014,0.778263,2.441925,0.71292,0.9888,0.9619
1694787825281250,-9.435014,0.773263,2.441925,0.74192,0.7088,0.12619
1694787825289062,-9.444014,0.769263,2.456925,0.72492,0.7088,0.4619
1694787825296875,-9.460014,0.778263,2.452925,0.70792,0.7288,0.7719
1694787825304687,-9.465014,0.789263,2.441925,0.71292,0.3388,0.8019
1694787825312500,-9.472014,0.796263,2.448925,0.72992,0.1588,0.9719
1694787825320312,-9.470014,0.816263,2.443925,0.74392,0.1688,0.6419
1694787825328125,-9.470014,0.816263,2.438925,0.70892,0.688,0.7719
1694787825335937,-9.481014,0.821263,2.425925,0.72792,0.1312,0.9619
1694787825343750,-9.483014,0.819263,2.414925,0.70992,0.1112,0.7819
1694787825351562,-9.492014,0.798263,2.409925,0.71792,0.10788,0.10019
1694787825359375,-9.488014,0.796263,2.400925,0.68192,0.4788,0.6519
1694787825367187,-9.497014,0.794263,2.416925,0.71092,0.6888,0.7919
1694787825375000,-9.503014,0.794263,2.405925,0.66192,0.12188,0.10819
1694787825382812,-9.499014,0.792263,2.409925,0.69792,0.11588,0.15919
1694787825390625,-9.483014,0.794263,2.425925,0.72492,0.7288,0.10919
1694787825398437,-9.488014,0.796263,2.421925,0.71192,0.8488,0.14319
1694787825406250,-9.474014,0.792263,2.418925,0.72792,0.6888,0.14319
1694787825414062,-9.465014,0.796263,2.407925,0.64992,0.6888,0.14219
1694787825421875,-9.449014,0.787263,2.409925,0.64492,0.9088,0.10719
1694787825429687,-9.429014,0.769263,2.400925,0.67892,0.8888,0.17319
1694787825437500,-9.428014,0.756263,2.400925,0.66092,0.7488,0.13919
1694787825445312,-9.415014,0.757263,2.418925,0.69792,0.9988,0.14419
1694787825453125,-9.422014,0.755263,2.414925,0.71292,0.3588,0.14319
1694787825460937,-9.435014,0.758263,2.436925,0.68192,0.1988,0.19119
1694787825468750,-9.449014,0.754263,2.429925,0.72792,0.8488,0.12719
1694787825476562,-9.453014,0.763263,2.425925,0.70992,0.8688,0.9419
1694787825484375,-9.462014,0.770263,2.432925,0.72292,0.4388,0.15519
1694787825492187,-9.471014,0.779263,2.445925,0.70792,0.2412,0.9319
1694787825500000,-9.485014,0.774263,2.452925,0.72392,0.712,0.9319
1694787825507812,-9.480014,0.779263,2.447925,0.70992,0.912,0.12519
1694787825515625,-9.469014,0.783263,2.434925,0.70992,0.4212,0.11019
1694787825523437,-9.465014,0.789263,2.432925,0.71492,0.13012,0.14519
1694787825531250,-9.454014,0.792263,2.441925,0.70792,0.8912,0.6119
1694787825539062,-9.452014,0.789263,2.439925,0.71292,0.2912,0.12819
1694787825546875,-9.461014,0.796263,2.432925,0.71192,0.10912,0.12719
1694787825554687,-9.465014,0.796263,2.457925,0.71292,0.7912,0.14419
1694787825562500,-9.469014,0.796263,2.459925,0.71192,0.5812,0.19019
1694787825570312,-9.467014,0.792263,2.459925,0.70992,0.10812,0.9419
1694787825578125,-9.474014,0.778263,2.470925,0.71292,0.1312,0.14419
1694787825585937,-9.465014,0.783263,2.468925,0.72992,0.1512,0.16119
1694787825593750,-9.483014,0.792263,2.465925,0.71092,0.9312,0.9519
1694787825601562,-9.472014,0.785263,2.463925,0.73092,0.0,0.11419
1694787825609375,-9.470014,0.783263,2.448925,0.71892,0.2112,0.16419
1694787825617187,-9.463014,0.787263,2.443925,0.73192,0.6612,0.17819
1694787825625000,-9.463014,0.792263,2.452925,0.71092,0.4212,0.14219
1694787825632812,-9.468014,0.796263,2.443925,0.81092,0.6812,0.11619
1694787825640625,-9.465014,0.791263,2.445925,0.78192,0.2112,0.18019
1694787825648437,-9.465014,0.812263,2.466925,0.74592,0.1512,0.14519
1694787825656250,-9.465014,0.821263,2.461925,0.71092,0.5812,0.14219
1694787825664062,-9.468014,0.829263,2.470925,0.73192,0.1588,0.19419
1694787825671875,-9.475014,0.836263,2.470925,0.70892,0.5888,0.17219
1694787825679687,-9.470014,0.838263,2.468925,0.72992,0.1988,0.20819
1694787825687500,-9.486014,0.832263,2.472925,0.66892,0.3388,0.22419
1694787825695312,-9.479014,0.821263,2.457925,0.68192,0.5288,0.20719
1694787825703125,-9.479014,0.823263,2.441925,0.68392,0.5088,0.22419
1694787825710937,-9.479014,0.823263,2.450925,0.64892,0.7288,0.22019
1694787825718750,-9.472014,0.830263,2.459925,0.72592,0.4188,0.20419
1694787825726562,-9.470014,0.829263,2.450925,0.71192,0.3988,0.22119
1694787825734375,-9.473014,0.843263,2.452925,0.73092,0.5088,0.20819
1694787825742187,-9.482014,0.850263,2.454925,0.74692,0.6688,0.22519
1694787825750000,-9.468014,0.850263,2.461925,0.70692,0.17488,0.18619
1694787825757812,-9.459014,0.856263,2.477925,0.79192,0.21488,0.20819
1694787825765625,-9.452014,0.851263,2.484925,0.75992,0.16788,0.22319
1694787825773437,-9.432014,0.847263,2.468925,0.74092,0.22088,0.20419
1694787825781250,-9.432014,0.835263,2.457925,0.71992,0.14088,0.24419
1694787825789062,-9.432014,0.840263,2.441925,0.72692,0.13888,0.22119
1694787825796875,-9.441014,0.840263,2.452925,0.71492,0.13288,0.22419
1694787825804687,-9.452014,0.840263,2.445925,0.72892,0.19988,0.25419
1694787825812500,-9.461014,0.847263,2.463925,0.70792,0.7888,0.23419
1694787825820312,-9.468014,0.863263,2.466925,0.72692,0.13688,0.19019
1694787825828125,-9.471014,0.865263,2.456925,0.71092,0.7288,0.20519
1694787825835937,-9.462014,0.869263,2.447925,0.72592,0.10588,0.15719
1694787825843750,-9.455014,0.869263,2.459925,0.74192,0.20188,0.17319
1694787825851562,-9.448014,0.880263,2.454925,0.70492,0.16088,0.12119
1694787825859375,-9.444014,0.878263,2.465925,0.72392,0.13788,0.10919
1694787825867187,-9.444014,0.867263,2.468925,0.70692,0.17288,0.9119
1694787825875000,-9.444014,0.865263,2.465925,0.70592,0.17288,0.5919
1694787825882812,-9.435014,0.864263,2.468925,0.72692,0.13688,0.17419
1694787825890625,-9.430014,0.867263,2.488925,0.70992,0.16688,0.7819
1694787825898437,-9.430014,0.864263,2.486925,0.72392,0.20388,0.9219
1694787825906250,-9.421014,0.873263,2.495925,0.68992,0.19088,0.9019
1694787825914062,-9.412014,0.891263,2.497925,0.68992,0.17288,0.5919
1694787825921875,-9.415014,0.900263,2.502925,0.74092,0.7088,0.6219
1694787825929687,-9.417014,0.904263,2.495925,0.66592,0.8288,0.9519
1694787825937500,-9.426014,0.895263,2.488925,0.69392,0.7288,0.14119
1694787825945312,-9.435014,0.902263,2.481925,0.62592,0.9488,0.8919
1694787825953125,-9.442014,0.900263,2.468925,0.67492,0.7688,0.10619
1694787825960937,-9.449014,0.900263,2.468925,0.58192,0.10688,0.12219
1694787825968750,-9.458014,0.903263,2.470925,0.58192,0.9288,0.13719
1694787825976562,-9.451014,0.891263,2.475925,0.52292,0.13188,0.4519
1694787825984375,-9.446014,0.880263,2.466925,0.47392,0.3688,0.5919
1694787825992187,-9.460014,0.880263,2.463925,0.52292,0.6788,0.9319
1694787826000000,-9.457014,0.867263,2.483925,0.46792,0.9688,0.8619
1694787826007812,-9.455014,0.865263,2.472925,0.53592,0.5788,0.13819
1694787826015625,-9.464014,0.865263,2.470925,0.49192,0.7088,0.17219
1694787826023437,-9.462014,0.869263,2.486925,0.48892,0.4188,0.13819
1694787826031250,-9.466014,0.863263,2.486925,0.45592,0.12588,0.15219
1694787826039062,-9.450014,0.867263,2.483925,0.50192,0.10888,0.10419
1694787826046875,-9.446014,0.865263,2.463925,0.48692,0.7888,0.16719
1694787826054687,-9.446014,0.871263,2.459925,0.45792,0.9088,0.15319
1694787826062500,-9.448014,0.865263,2.454925,0.49192,0.8688,0.18719
1694787826070312,-9.446014,0.871263,2.463925,0.53892,0.7088,0.17219
1694787826078125,-9.430014,0.880263,2.463925,0.55592,0.8488,0.17319
1694787826085937,-9.433014,0.875263,2.470925,0.53892,0.5388,0.14019
1694787826093750,-9.426014,0.873263,2.461925,0.67492,0.10888,0.10619
1694787826101562,-9.408014,0.871263,2.486925,0.56792,0.7188,0.9119
1694787826109375,-9.410014,0.864263,2.481925,0.70692,0.7688,0.12319
1694787826117187,-9.414014,0.864263,2.501925,0.72292,0.9088,0.10819
1694787826125000,-9.421014,0.878263,2.504925,0.67492,0.14388,0.16919
1694787826132812,-9.428014,0.878263,2.490925,0.64092,0.11288,0.8819
1694787826140625,-9.435014,0.871263,2.497925,0.62692,0.16088,0.13619
1694787826148437,-9.439014,0.867263,2.495925,0.67692,0.13788,0.10819
1694787826156250,-9.443014,0.867263,2.483925,0.65692,0.9688,0.12019
1694787826164062,-9.453014,0.878263,2.502925,0.66192,0.10488,0.10819
1694787826171875,-9.444014,0.889263,2.504925,0.67792,0.8888,0.10819
1694787826179687,-9.458014,0.896263,2.504925,0.70792,0.7288,0.7719
1694787826187500,-9.464014,0.883263,2.510925,0.68892,0.4588,0.9019
1694787826195312,-9.451014,0.898263,2.513925,0.70392,0.9488,0.5819
1694787826203125,-9.442014,0.887263,2.506925,0.69092,0.9288,0.10719
1694787826210937,-9.433014,0.907263,2.517925,0.67692,0.9088,0.13919
1694787826218750,-9.422014,0.907263,2.515925,0.59392,0.7988,0.8819
1694787826226562,-9.422014,0.902263,2.499925,0.67392,0.9288,0.5819
1694787826234375,-9.419014,0.909263,2.488925,0.56592,0.9288,0.12119
1694787826242187,-9.422014,0.895263,2.488925,0.61492,0.7288,0.12419
1694787826250000,-9.433014,0.896263,2.488925,0.61592,0.8888,0.14019
1694787826257812,-9.430014,0.889263,2.488925,0.56792,0.7288,0.12319
1694787826265625,-9.433014,0.891263,2.499925,0.56692,0.8888,0.5919
1694787826273437,-9.442014,0.887263,2.495925,0.61592,0.7288,0.14019
1694787826281250,-9.446014,0.885263,2.506925,0.70692,0.9288,0.12319
1694787826289062,-9.450014,0.883263,2.524925,0.72292,0.12588,0.13919
1694787826296875,-9.442014,0.882263,2.517925,0.71192,0.7088,0.17419
1694787826304687,-9.437014,0.885263,2.524925,0.72192,0.15688,0.7519
1694787826312500,-9.426014,0.873263,2.546925,0.78492,0.9288,0.12419
1694787826320312,-9.426014,0.880263,2.535925,0.83292,0.14088,0.10919
1694787826328125,-9.414014,0.882263,2.540925,0.92492,0.9788,0.18719
1694787826335937,-9.421014,0.889263,2.524925,0.79792,0.8088,0.10619
1694787826343750,-9.424014,0.889263,2.515925,0.81692,0.2788,0.10819
1694787826351562,-9.419014,0.891263,2.506925,0.89492,0.12188,0.3019
1694787826359375,-9.430014,0.889263,2.501925,0.92192,0.6188,0.1981
1694787826367187,-9.437014,0.882263,2.499925,0.92692,0.10588,0.3119
1694787826375000,-9.451014,0.880263,2.488925,0.95592,0.7488,0.181
1694787826382812,-9.455014,0.880263,2.486925,0.100492,0.8688,0.4681
1694787826390625,-9.467014,0.894263,2.490925,0.104192,0.7888,0.2681
1694787826398437,-9.471014,0.903263,2.486925,0.103792,0.5188,0.4581
1694787826406250,-9.478014,0.903263,2.481925,0.114192,0.9288,0.4881
1694787826414062,-9.467014,0.901263,2.495925,0.100292,0.10788,0.3281
1694787826421875,-9.455014,0.903263,2.499925,0.98792,0.21788,0.4781
1694787826429687,-9.435014,0.920263,2.513925,0.98592,0.12588,0.1881
1694787826437500,-9.433014,0.931263,2.524925,0.96992,0.15888,0.3481
1694787826445312,-9.438014,0.931263,2.519925,0.103292,0.15888,0.1781
1694787826453125,-9.431014,0.940263,2.542925,0.97392,0.11988,0.0
1694787826460937,-9.438014,0.958263,2.553925,0.97592,0.8288,0.6181
1694787826468750,-9.427014,0.958263,2.558925,0.95392,0.12588,0.6681
1694787826476562,-9.423014,0.964263,2.556925,0.94092,0.8688,0.9581
1694787826484375,-9.414014,0.953263,2.560925,0.97492,0.11588,0.7781
1694787826492187,-9.416014,0.960263,2.544925,0.97292,0.15288,0.4781
1694787826500000,-9.422014,0.942263,2.547925,0.86492,0.10088,0.4781
1694787826507812,-9.422014,0.933263,2.528925,0.78192,0.10888,0.3681
1694787826515625,-9.431014,0.938263,2.538925,0.76992,0.16888,0.1781
1694787826523437,-9.431014,0.936263,2.533925,0.70392,0.15588,0.5281
1694787826531250,-9.422014,0.938263,2.540925,0.74992,0.17488,0.5381
1694787826539062,-9.433014,0.922263,2.531925,0.69392,0.11488,0.1681
1694787826546875,-9.444014,0.918263,2.526925,0.69092,0.7188,0.3581
1694787826554687,-9.442014,0.914263,2.526925,0.62592,0.17188,0.2181
1694787826562500,-9.435014,0.913263,2.522925,0.56192,0.17588,0.2319
1694787826570312,-9.444014,0.911263,2.517925,0.66192,0.13588,0.4519
1694787826578125,-9.446014,0.896263,2.506925,0.57792,0.15788,0.2381
1694787826585937,-9.449014,0.907263,2.501925,0.56192,0.4288,0.5481
1694787826593750,-9.438014,0.902263,2.506925,0.55092,0.21488,0.3581
1694787826601562,-9.431014,0.902263,2.531925,0.52892,0.12688,0.5681
1694787826609375,-9.433014,0.896263,2.526925,0.48592,0.13688,0.3781
1694787826617187,-9.430014,0.869263,2.537925,0.45392,0.10688,0.3981
1694787826625000,-9.432014,0.867263,2.531925,0.45192,0.10788,0.5681
1694787826632812,-9.435014,0.876263,2.533925,0.45492,0.5488,0.3781
1694787826640625,-9.446014,0.865263,2.535925,0.46892,0.7388,0.5481
1694787826648437,-9.457014,0.871263,2.526925,0.45992,0.14588,0.1881
1694787826656250,-9.443014,0.854263,2.547925,0.47192,0.12088,0.1019
1694787826664062,-9.444014,0.860263,2.556925,0.47292,0.3688,0.2081
1694787826671875,-9.428014,0.858263,2.538925,0.54192,0.6188,0.4819
1694787826679687,-9.423014,0.849263,2.531925,0.57092,0.4788,0.0
1694787826687500,-9.412014,0.844263,2.524925,0.48892,0.8888,0.9019
1694787826695312,-9.416014,0.846263,2.524925,0.59792,0.7188,0.5919
1694787826703125,-9.398014,0.848263,2.533925,0.65992,0.8688,0.3481
1694787826710937,-9.405014,0.846263,2.531925,0.54892,0.7388,0.1019
1694787826718750,-9.412014,0.849263,2.538925,0.59892,0.10088,0.1881
1694787826726562,-9.412014,0.846263,2.535925,0.55092,0.5388,0.381
1694787826734375,-9.430014,0.851263,2.535925,0.57792,0.2888,0.781
1694787826742187,-9.430014,0.862263,2.558925,0.61292,0.3888,0.1981
1694787826750000,-9.446014,0.869263,2.556925,0.59492,0.5788,0.3781
1694787826757812,-9.434014,0.862263,2.531925,0.70292,0.4588,0.581
1694787826765625,-9.450014,0.865263,2.524925,0.72092,0.2688,0.4319
1694787826773437,-9.437014,0.867263,2.535925,0.53092,0.6188,0.2419
1694787826781250,-9.428014,0.860263,2.540925,0.59692,0.2288,0.1981
1694787826789062,-9.428014,0.851263,2.515925,0.61092,0.888,0.3681
1694787826796875,-9.416014,0.858263,2.537925,0.57692,0.1188,0.5581
1694787826804687,-9.428014,0.864263,2.531925,0.57992,0.5788,0.2181
1694787826812500,-9.430014,0.867263,2.538925,0.61392,0.688,0.2819
1694787826820312,-9.432014,0.864263,2.538925,0.58392,0.3488,0.1881
1694787826828125,-9.444014,0.865263,2.535925,0.59592,0.5788,0.2181
1694787826835937,-9.457014,0.867263,2.549925,0.52292,0.3288,0.3019
1694787826843750,-9.444014,0.874263,2.558925,0.56492,0.812,0.2081
1694787826851562,-9.442014,0.871263,2.556925,0.51892,0.5288,0.5281
1694787826859375,-9.450014,0.867263,2.553925,0.45392,0.7188,0.8581
1694787826867187,-9.432014,0.869263,2.567925,0.53492,0.3888,0.481
1694787826875000,-9.433014,0.880263,2.569925,0.53292,0.12088,0.3781
1694787826882812,-9.419014,0.878263,2.574925,0.48592,0.7388,0.681
1694787826890625,-9.415014,0.889263,2.567925,0.47092,0.10688,0.4119
1694787826898437,-9.419014,0.884263,2.558925,0.44992,0.9588,0.5881
1694787826906250,-9.414014,0.882263,2.573925,0.49992,0.9388,0.2319
1694787826914062,-9.424014,0.884263,2.567925,0.56592,0.2412,0.2719
1694787826921875,-9.431014,0.880263,2.567925,0.49092,0.1612,0.3381
1694787826929687,-9.430014,0.884263,2.553925,0.48692,0.5588,0.581
1694787826937500,-9.435014,0.871263,2.569925,0.45592,0.3888,0.2181
1694787826945312,-9.446014,0.871263,2.562925,0.46992,0.5788,0.681
1694787826953125,-9.446014,0.865263,2.544925,0.45292,0.5888,0.781
1694787826960937,-9.457014,0.876263,2.538925,0.47192,0.3888,0.2181
1694787826968750,-9.471014,0.874263,2.538925,0.45692,0.5588,0.5819
1694787826976562,-9.464014,0.881263,2.542925,0.48692,0.13988,0.4119
1694787826984375,-9.457014,0.880263,2.574925,0.54892,0.12288,0.4219
1694787826992187,-9.448014,0.885263,2.567925,0.60492,0.13288,0.1081
1694787827000000,-9.439014,0.887263,2.573925,0.45092,0.16188,0.2119
1694787827007812,-9.435014,0.880263,2.569925,0.47392,0.16588,0.2719
1694787827015625,-9.421014,0.893263,2.553925,0.45292,0.10888,0.819
1694787827023437,-9.408014,0.893263,2.556925,0.47592,0.19688,0.4419
1694787827031250,-9.399014,0.890263,2.554925,0.46192,0.19488,0.6119
1694787827039062,-9.394014,0.888263,2.551925,0.46792,0.19288,0.2219
1694787827046875,-9.401014,0.882263,2.558925,0.45192,0.29088,0.3719
1694787827054687,-9.410014,0.873263,2.565925,0.44592,0.21188,0.6119
1694787827062500,-9.421014,0.860263,2.562925,0.44692,0.26088,0.14119
1694787827070312,-9.430014,0.864263,2.574925,0.45692,0.25288,0.10519
1694787827078125,-9.450014,0.862263,2.574925,0.47492,0.21588,0.9119
1694787827085937,-9.448014,0.849263,2.580925,0.45092,0.24388,0.6919
1694787827093750,-9.448014,0.847263,2.594925,0.47492,0.13588,0.10719
1694787827101562,-9.434014,0.849263,2.601925,0.45492,0.17188,0.5619
1694787827109375,-9.423014,0.853263,2.594925,0.47392,0.18488,0.10619
1694787827117187,-9.403014,0.855263,2.601925,0.45892,0.13388,0.4319
1694787827125000,-9.385014,0.862263,2.612925,0.47192,0.12088,0.1019
1694787827132812,-9.381014,0.864263,2.610925,0.45692,0.13788,0.5719
1694787827140625,-9.381014,0.875263,2.601925,0.42392,0.12288,0.2419
1694787827148437,-9.376014,0.870263,2.587925,0.47092,0.13988,0.4119
1694787827156250,-9.390014,0.864263,2.596925,0.42192,0.8988,0.5581
1694787827164062,-9.396014,0.859263,2.601925,0.45892,0.8388,0.2819
1694787827171875,-9.396014,0.853263,2.594925,0.47392,0.6988,0.2719
1694787827179687,-9.405014,0.849263,2.585925,0.45292,0.9188,0.2381
1694787827187500,-9.410014,0.846263,2.571925,0.47592,0.8188,0.2919
1694787827195312,-9.410014,0.844263,2.576925,0.50392,0.3888,0.4319
1694787827203125,-9.419014,0.831263,2.560925,0.49092,0.9888,0.1319
1694787827210937,-9.416014,0.833263,2.556925,0.46292,0.4588,0.3119
1694787827218750,-9.423014,0.824263,2.576925,0.55492,0.1488,0.3281
1694787827226562,-9.427014,0.815263,2.571925,0.55392,0.1888,0.2919
1694787827234375,-9.429014,0.807263,2.589925,0.48792,0.4012,0.5819
1694787827242187,-9.431014,0.805263,2.614925,0.56792,0.2612,0.9219
1694787827250000,-9.449014,0.798263,2.607925,0.63392,0.1312,0.9519
1694787827257812,-9.456014,0.816263,2.616925,0.56592,0.4188,0.5819
1694787827265625,-9.443014,0.822263,2.625925,0.64592,0.2812,0.1419
1694787827273437,-9.430014,0.836263,2.630925,0.64392,0.2488,0.4319
1694787827281250,-9.428014,0.851263,2.623925,0.64592,0.2288,0.6019
1694787827289062,-9.407014,0.849263,2.621925,0.64492,0.1012,0.381
1694787827296875,-9.394014,0.846263,2.612925,0.71092,0.4812,0.1581
1694787827304687,-9.401014,0.853263,2.598925,0.72392,0.2812,0.1781
1694787827312500,-9.410014,0.844263,2.592925,0.64492,0.488,0.3481
1694787827320312,-9.407014,0.829263,2.607925,0.64592,0.3788,0.2919
1694787827328125,-9.425014,0.829263,2.599925,0.63392,0.11388,0.4719
1694787827335937,-9.430014,0.831263,2.592925,0.63192,0.488,0.6119
1694787827343750,-9.429014,0.820263,2.607925,0.69392,0.6112,0.3019
1694787827351562,-9.432014,0.825263,2.601925,0.70592,0.2488,0.381
1694787827359375,-9.434014,0.823263,2.603925,0.71792,0.3088,0.681
1694787827367187,-9.429014,0.811263,2.610925,0.72192,0.7188,0.5081
1694787827375000,-9.431014,0.809263,2.607925,0.70392,0.7588,0.3781
1694787827382812,-9.429014,0.811263,2.618925,0.74992,0.9288,0.5281
1694787827390625,-9.436014,0.825263,2.628925,0.75492,0.7288,0.2919
1694787827398437,-9.434014,0.834263,2.641925,0.68992,0.10688,0.481
1694787827406250,-9.434014,0.827263,2.646925,0.75692,0.6588,0.4781
1694787827414062,-9.441014,0.836263,2.648925,0.70892,0.6988,0.3019
1694787827421875,-9.421014,0.829263,2.628925,0.75192,0.4088,0.5181
1694787827429687,-9.432014,0.824263,2.623925,0.83492,0.288,0.3181
1694787827437500,-9.414014,0.824263,2.643925,0.70792,0.6988,0.3481
1694787827445312,-9.403014,0.833263,2.643925,0.89492,0.11988,0.6481
1694787827453125,-9.401014,0.833263,2.648925,0.70792,0.11688,0.3381
1694787827460937,-9.394014,0.835263,2.646925,0.72392,0.6988,0.1781
1694787827468750,-9.394014,0.842263,2.648925,0.67392,0.10488,0.6781
1694787827476562,-9.394014,0.844263,2.643925,0.72192,0.5588,0.5081
1694787827484375,-9.394014,0.833263,2.646925,0.67892,0.9888,0.0
1694787827492187,-9.398014,0.829263,2.648925,0.67292,0.8988,0.5281
1694787827500000,-9.403014,0.824263,2.646925,0.72792,0.3188,0.1719
1694787827507812,-9.402014,0.824263,2.652925,0.70792,0.712,0.7619
1694787827515625,-9.391014,0.819263,2.661925,0.72592,0.6312,0.1581
1694787827523437,-9.400014,0.820263,2.650925,0.70992,0.7088,0.7819
1694787827531250,-9.387014,0.815263,2.655925,0.69192,0.6988,0.1881
1694787827539062,-9.376014,0.821263,2.648925,0.62692,0.8788,0.5281
1694787827546875,-9.371014,0.826263,2.646925,0.59492,0.4088,0.3781
1694787827554687,-9.371014,0.824263,2.648925,0.65992,0.1012,0.281
1694787827562500,-9.367014,0.830263,2.661925,0.56492,0.588,0.5281
1694787827570312,-9.360014,0.810263,2.659925,0.65992,0.5588,0.1981
1694787827578125,-9.369014,0.817263,2.679925,0.58292,0.5188,0.5081
1694787827585937,-9.380014,0.822263,2.670925,0.51792,0.2288,0.5281
1694787827593750,-9.371014,0.819263,2.668925,0.55492,0.3088,0.3281
1694787827601562,-9.393014,0.815263,2.675925,0.53192,0.5788,0.3781
1694787827609375,-9.404014,0.802263,2.679925,0.51692,0.7388,0.2281
1694787827617187,-9.409014,0.802263,2.679925,0.54292,0.11488,0.4281
1694787827625000,-9.409014,0.798263,2.684925,0.51592,0.9188,0.781
1694787827632812,-9.409014,0.793263,2.664925,0.46892,0.7388,0.5481
1694787827640625,-9.413014,0.804263,2.664925,0.54692,0.7588,0.3881
1694787827648437,-9.411014,0.811263,2.670925,0.45292,0.612,0.5581
1694787827656250,-9.398014,0.806263,2.677925,0.47292,0.2288,0.2619
1694787827664062,-9.391014,0.811263,2.657925,0.53492,0.1012,0.481
1694787827671875,-9.382014,0.802263,2.650925,0.51892,0.1012,0.481
1694787827679687,-9.380014,0.793263,2.670925,0.48692,0.588,0.3781
1694787827687500,-9.373014,0.792263,2.682925,0.47492,0.1412,0.281
1694787827695312,-9.371014,0.795263,2.664925,0.48792,0.688,0.2719
1694787827703125,-9.380014,0.793263,2.659925,0.45792,0.1212,0.1119
1694787827710937,-9.375014,0.795263,2.677925,0.47392,0.4512,0.2819
1694787827718750,-9.393014,0.811263,2.655925,0.45392,0.812,0.7081
1694787827726562,-9.393014,0.804263,2.664925,0.47092,0.5712,0.3781
1694787827734375,-9.400014,0.795263,2.652925,0.43792,0.3912,0.2381
1694787827742187,-9.411014,0.798263,2.646925,0.45592,0.2712,0.5381
1694787827750000,-9.420014,0.793263,2.641925,0.47392,0.6112,0.381
1694787827757812,-9.436014,0.798263,2.637925,0.44492,0.9612,0.2919
1694787827765625,-9.442014,0.780263,2.614925,0.45892,0.488,0.5919
1694787827773437,-9.463014,0.783263,2.637925,0.45892,0.2088,0.4319
1694787827781250,-9.460014,0.774263,2.652925,0.47492,0.2812,0.6019
1694787827789062,-9.456014,0.785263,2.668925,0.48892,0.5912,0.1119
1694787827796875,-9.438014,0.794263,2.661925,0.45792,0.2088,0.481
1694787827804687,-9.425014,0.798263,2.641925,0.47792,0.1688,0.7819
1694787827812500,-9.413014,0.793263,2.632925,0.45392,0.612,0.781
1694787827820312,-9.411014,0.793263,2.612925,0.47192,0.2488,0.7319
1694787827828125,-9.397014,0.771263,2.612925,0.46792,0.1812,0.5519
1694787827835937,-9.395014,0.753263,2.610925,0.45692,0.4312,0.1119
1694787827843750,-9.388014,0.737263,2.609925,0.47092,0.2412,0.1019
1694787827851562,-9.392014,0.722263,2.612925,0.44292,0.488,0.5919
1694787827859375,-9.390014,0.724263,2.625925,0.42692,0.1012,0.9019
1694787827867187,-9.392014,0.726263,2.628925,0.40092,0.3412,0.9419
1694787827875000,-9.405014,0.729263,2.632925,0.47192,0.7312,0.4219
1694787827882812,-9.412014,0.729263,2.641925,0.45592,0.5712,0.581
1694787827890625,-9.410014,0.742263,2.628925,0.48792,0.9212,0.2081
1694787827898437,-9.406014,0.740263,2.628925,0.45492,0.9012,0.5381
1694787827906250,-9.408014,0.742263,2.639925,0.46192,0.16312,0.3119
1694787827914062,-9.386014,0.744263,2.641925,0.50492,0.12712,0.1881
1694787827921875,-9.384014,0.759263,2.648925,0.44492,0.1612,0.2919
1694787827929687,-9.397014,0.760263,2.645925,0.48492,0.15112,0.681
1694787827937500,-9.397014,0.757263,2.652925,0.50292,0.7312,0.1019
1694787827945312,-9.402014,0.762263,2.652925,0.51892,0.18812,0.481
1694787827953125,-9.408014,0.755263,2.639925,0.51792,0.12112,0.1019
1694787827960937,-9.424014,0.760263,2.632925,0.47392,0.11012,0.3581
1694787827968750,-9.422014,0.758263,2.623925,0.47692,0.14712,0.81
1694787827976562,-9.406014,0.760263,2.623925,0.47292,0.19012,0.381
1694787827984375,-9.422014,0.758263,2.623925,0.50792,0.21012,0.1419
1694787827992187,-9.401014,0.751263,2.623925,0.57992,0.15112,0.2619
1694787828000000,-9.392014,0.746263,2.625925,0.51892,0.5712,0.1019
1694787828007812,-9.397014,0.738263,2.603925,0.61192,0.13512,0.7419
1694787828015625,-9.392014,0.742263,2.603925,0.58392,0.15712,0.4519
1694787828023437,-9.399014,0.731263,2.610925,0.50692,0.14312,0.6119
1694787828031250,-9.408014,0.718263,2.618925,0.61292,0.12012,0.7519
1694787828039062,-9.410014,0.724263,2.614925,0.53692,0.20912,0.1781
1694787828046875,-9.417014,0.738263,2.625925,0.47392,0.15712,0.6019
1694787828054687,-9.422014,0.753263,2.632925,0.64492,0.20412,0.1319
1694787828062500,-9.420014,0.760263,2.625925,0.58692,0.16112,0.6319
1694787828070312,-9.411014,0.773263,2.621925,0.64592,0.12412,0.1319
1694787828078125,-9.415014,0.775263,2.616925,0.59692,0.18812,0.5181
1694787828085937,-9.422014,0.771263,2.609925,0.67492,0.18612,0.381
1694787828093750,-9.431014,0.778263,2.601925,0.72592,0.9612,0.1581
1694787828101562,-9.437014,0.763263,2.598925,0.72192,0.18312,0.7619
1694787828109375,-9.449014,0.758263,2.585925,0.65792,0.10212,0.5819
1694787828117187,-9.446014,0.761263,2.596925,0.65492,0.1812,0.681
1694787828125000,-9.455014,0.761263,2.578925,0.64392,0.9012,0.1981
1694787828132812,-9.462014,0.758263,2.576925,0.59792,0.6112,0.5081
1694787828140625,-9.464014,0.756263,2.576925,0.62892,0.388,0.6681
1694787828148437,-9.467014,0.768263,2.567925,0.63792,0.1812,0.8781
1694787828156250,-9.469014,0.761263,2.571925,0.55992,0.2112,0.11981
1694787828164062,-9.460014,0.759263,2.576925,0.66992,0.1488,0.5481
1694787828171875,-9.462014,0.763263,2.576925,0.63692,0.6588,0.5681
1694787828179687,-9.462014,0.756263,2.567925,0.70392,0.4288,0.3681
1694787828187500,-9.451014,0.745263,2.567925,0.71892,0.3912,0.6881
1694787828195312,-9.444014,0.740263,2.562925,0.74992,0.4588,0.2181
1694787828203125,-9.428014,0.738263,2.558925,0.70292,0.3712,0.5381
1694787828210937,-9.430014,0.734263,2.558925,0.73392,0.2888,0.3781
1694787828218750,-9.419014,0.733263,2.553925,0.76492,0.1288,0.5281
1694787828226562,-9.406014,0.742263,2.542925,0.74892,0.212,0.3781
1694787828234375,-9.410014,0.760263,2.558925,0.75192,0.5988,0.2719
1694787828242187,-9.410014,0.764263,2.553925,0.82792,0.11088,0.1119
1694787828250000,-9.409014,0.782263,2.569925,0.81892,0.6888,0.0
1694787828257812,-9.426014,0.787263,2.551925,0.79692,0.2888,0.3681
1694787828265625,-9.438014,0.796263,2.535925,0.75192,0.888,0.3581
1694787828273437,-9.456014,0.794263,2.533925,0.86492,0.2812,0.1581
1694787828281250,-9.463014,0.807263,2.517925,0.91192,0.7712,0.4681
1694787828289062,-9.465014,0.805263,2.526925,0.95492,0.3812,0.4981
1694787828296875,-9.465014,0.814263,2.529925,0.95692,0.5912,0.7981
1694787828304687,-9.454014,0.796263,2.506925,0.95892,0.5812,0.0
1694787828312500,-9.458014,0.796263,2.501925,0.86392,0.4212,0.1681
1694787828320312,-9.463014,0.805263,2.504925,0.87992,0.2812,0.4781
1694787828328125,-9.465014,0.794263,2.506925,0.90892,0.5712,0.4881
1694787828335937,-9.461014,0.818263,2.520925,0.92692,0.4212,0.0
1694787828343750,-9.454014,0.825263,2.517925,0.89492,0.5612,0.3119
1694787828351562,-9.452014,0.831263,2.522925,0.91292,0.2812,0.1719
1694787828359375,-9.456014,0.832263,2.542925,0.87492,0.1812,0.481
1694787828367187,-9.445014,0.842263,2.538925,0.84792,0.9112,0.6481
1694787828375000,-9.416014,0.844263,2.540925,0.86492,0.7512,0.1519
1694787828382812,-9.398014,0.837263,2.542925,0.87892,0.4012,0.3019
1694787828390625,-9.403014,0.848263,2.538925,0.86392,0.4212,0.1681
1694787828398437,-9.396014,0.846263,2.540925,0.78392,0.7312,0.5081
1694787828406250,-9.407014,0.849263,2.533925,0.70892,0.4412,0.1781
1694787828414062,-9.421014,0.842263,2.528925,0.71692,0.1812,0.3881
1694787828421875,-9.432014,0.842263,2.540925,0.70792,0.912,0.2919
1694787828429687,-9.439014,0.838263,2.526925,0.72692,0.4988,0.3219
1694787828437500,-9.445014,0.827263,2.538925,0.72492,0.6112,0.1519
1694787828445312,-9.457014,0.840263,2.540925,0.70292,0.5612,0.8519
1694787828453125,-9.455014,0.849263,2.526925,0.67892,0.3012,0.0
1694787828460937,-9.457014,0.849263,2.526925,0.67892,0.4212,0.12519
1694787828468750,-9.459014,0.834263,2.533925,0.65792,0.312,0.7419
1694787828476562,-9.461014,0.843263,2.540925,0.63192,0.288,0.4619
1694787828484375,-9.450014,0.836263,2.544925,0.60892,0.12988,0.8719
1694787828492187,-9.443014,0.829263,2.555925,0.50192,0.2012,0.8819
1694787828500000,-9.423014,0.831263,2.569925,0.53692,0.2088,0.6019
1694787828507812,-9.416014,0.831263,2.569925,0.47492,0.1212,0.6019
1694787828515625,-9.403014,0.829263,2.558925,0.50592,0.5912,0.10819
1694787828523437,-9.398014,0.833263,2.574925,0.52392,0.1688,0.6219
1694787828531250,-9.412014,0.826263,2.583925,0.49192,0.3288,0.1319
1694787828539062,-9.425014,0.835263,2.576925,0.47392,0.1412,0.1981
1694787828546875,-9.427014,0.818263,2.571925,0.45492,0.4112,0.581
1694787828554687,-9.438014,0.798263,2.567925,0.47492,0.7712,0.4419
1694787828562500,-9.447014,0.796263,2.573925,0.45392,0.6912,0.4019
1694787828570312,-9.449014,0.794263,2.551925,0.40792,0.8612,0.8819
1694787828578125,-9.467014,0.774263,2.531925,0.45892,0.9212,0.9119
1694787828585937,-9.469014,0.792263,2.535925,0.46492,0.4512,0.8419
1694787828593750,-9.476014,0.794263,2.537925,0.45492,0.412,0.8819
1694787828601562,-9.478014,0.796263,2.542925,0.47192,0.2488,0.5719
1694787828609375,-9.487014,0.794263,2.558925,0.45192,0.3088,0.3819
1694787828617187,-9.474014,0.799263,2.562925,0.47292,0.812,0.9019
1694787828625000,-9.467014,0.783263,2.556925,0.44292,0.6112,0.4419
1694787828632812,-9.464014,0.763263,2.542925,0.45292,0.3412,0.8719
1694787828640625,-9.471014,0.754263,2.537925,0.46592,0.1888,0.8519
1694787828648437,-9.446014,0.727263,2.539925,0.45292,0.8212,0.10219
1694787828656250,-9.428014,0.725263,2.546925,0.47392,0.5912,0.5919
1694787828664062,-9.412014,0.722263,2.549925,0.46192,0.288,0.12519
1694787828671875,-9.405014,0.720263,2.562925,0.47392,0.2488,0.13819
1694787828679687,-9.405014,0.722263,2.571925,0.48992,0.3688,0.7619
1694787828687500,-9.401014,0.722263,2.589925,0.45692,0.2212,0.12119
1694787828695312,-9.392014,0.726263,2.589925,0.47292,0.4312,0.4319
1694787828703125,-9.394014,0.722263,2.574925,0.47992,0.1712,0.14319
1694787828710937,-9.397014,0.728263,2.578925,0.46292,0.8112,0.9419
1694787828718750,-9.410014,0.715263,2.576925,0.50992,0.11612,0.1619
1694787828726562,-9.408014,0.709263,2.571925,0.60092,0.7912,0.1419
1694787828734375,-9.421014,0.707263,2.582925,0.59592,0.3812,0.2619
1694787828742187,-9.434014,0.705263,2.571925,0.70792,0.912,0.4519
1694787828750000,-9.443014,0.694263,2.574925,0.72892,0.3412,0.1819
1694787828757812,-9.450014,0.694263,2.574925,0.70992,0.4412,0.6319
1694787828765625,-9.448014,0.703263,2.571925,0.77092,0.5612,0.7719
1694787828773437,-9.446014,0.709263,2.565925,0.77392,0.288,0.4819
1694787828781250,-9.448014,0.718263,2.567925,0.73792,0.7188,0.281
1694787828789062,-9.439014,0.740263,2.558925,0.75392,0.688,0.181
1694787828796875,-9.444014,0.756263,2.558925,0.70692,0.1012,0.1881
1694787828804687,-9.453014,0.763263,2.555925,0.72192,0.4012,0.281
1694787828812500,-9.447014,0.765263,2.571925,0.71092,0.1688,0.0
1694787828820312,-9.447014,0.776263,2.565925,0.72292,0.3988,0.1319
1694787828828125,-9.440014,0.765263,2.555925,0.70492,0.2212,0.481
1694787828835937,-9.433014,0.767263,2.558925,0.70692,0.4012,0.4519
1694787828843750,-9.413014,0.749263,2.571925,0.72392,0.3988,0.6119
1694787828851562,-9.406014,0.735263,2.580925,0.70892,0.688,0.7719
1694787828859375,-9.408014,0.715263,2.592925,0.77092,0.5588,0.4619
1694787828867187,-9.426014,0.718263,2.594925,0.78692,0.2388,0.6219
1694787828875000,-9.435014,0.725263,2.605925,0.81892,0.688,0.7819
1694787828882812,-9.433014,0.747263,2.601925,0.94392,0.2512,0.4819
1694787828890625,-9.433014,0.758263,2.589925,0.89892,0.5288,0.6519
1694787828898437,-9.447014,0.783263,2.592925,0.92792,0.3788,0.1581
1694787828906250,-9.440014,0.796263,2.607925,0.85892,0.4588,0.5281
1694787828914062,-9.443014,0.818263,2.596925,0.97192,0.712,0.4881
1694787828921875,-9.445014,0.829263,2.589925,0.81492,0.5788,0.3481
1694787828929687,-9.450014,0.832263,2.591925,0.68592,0.9688,0.819
1694787828937500,-9.443014,0.829263,2.596925,0.72192,0.9088,0.2819
1694787828945312,-9.432014,0.827263,2.603925,0.70792,0.8688,0.1881
1694787828953125,-9.429014,0.825263,2.603925,0.68492,0.17888,0.2381
1694787828960937,-9.421014,0.829263,2.601925,0.62992,0.13388,0.1881
1694787828968750,-9.422014,0.811263,2.601925,0.54892,0.17188,0.2519
1694787828976562,-9.425014,0.795263,2.605925,0.45792,0.14988,0.2081
1694787828984375,-9.438014,0.789263,2.594925,0.55492,0.12988,0.3019
1694787828992187,-9.445014,0.776263,2.594925,0.55392,0.13188,0.4519
1694787829000000,-9.433014,0.767263,2.589925,0.47292,0.7188,0.7419
1694787829007812,-9.438014,0.756263,2.594925,0.58592,0.3588,0.6219
1694787829015625,-9.417014,0.753263,2.592925,0.53892,0.6588,0.4619
1694787829023437,-9.406014,0.753263,2.589925,0.59592,0.5988,0.5819
1694787829031250,-9.406014,0.758263,2.603925,0.62792,0.4188,0.4319
1694787829039062,-9.393014,0.759263,2.601925,0.66592,0.3188,0.4819
1694787829046875,-9.402014,0.771263,2.594925,0.66092,0.5588,0.6019
1694787829054687,-9.417014,0.767263,2.591925,0.67192,0.14388,0.4119
1694787829062500,-9.418014,0.780263,2.589925,0.72392,0.7288,0.6119
1694787829070312,-9.427014,0.778263,2.596925,0.66292,0.8488,0.4619
1694787829078125,-9.436014,0.785263,2.592925,0.64492,0.8888,0.4419
1694787829085937,-9.435014,0.762263,2.574925,0.72692,0.3588,0.9519
1694787829093750,-9.426014,0.760263,2.576925,0.71192,0.1688,0.6419
1694787829101562,-9.433014,0.773263,2.583925,0.63192,0.3788,0.7719
1694787829109375,-9.440014,0.758263,2.585925,0.62092,0.312,0.4919
1694787829117187,-9.440014,0.762263,2.571925,0.64592,0.488,0.281
1694787829125000,-9.444014,0.758263,2.569925,0.64792,0.8488,0.6219
1694787829132812,-9.431014,0.758263,2.574925,0.63292,0.5188,0.11019
1694787829140625,-9.424014,0.744263,2.580925,0.55792,0.8312,0.9619
1694787829148437,-9.421014,0.733263,2.603925,0.56492,0.1088,0.9019
1694787829156250,-9.421014,0.725263,2.596925,0.57592,0.9888,0.7019
1694787829164062,-9.415014,0.724263,2.598925,0.69492,0.2812,0.11019
1694787829171875,-9.403014,0.722263,2.582925,0.64492,0.2412,0.6019
1694787829179687,-9.390014,0.724263,2.585925,0.69592,0.3588,0.7919
1694787829187500,-9.396014,0.711263,2.596925,0.64892,0.6312,0.4719
1694787829195312,-9.381014,0.708263,2.583925,0.72692,0.3012,0.8019
1694787829203125,-9.381014,0.719263,2.580925,0.70892,0.2388,0.9319
1694787829210937,-9.394014,0.722263,2.592925,0.72392,0.7288,0.6119
1694787829218750,-9.392014,0.726263,2.605925,0.71192,0.6888,0.14319
1694787829226562,-9.406014,0.742263,2.614925,0.70992,0.8688,0.11019
1694787829234375,-9.413014,0.740263,2.616925,0.72592,0.3788,0.9419
1694787829242187,-9.419014,0.735263,2.646925,0.71092,0.3588,0.7919
1694787829250000,-9.424014,0.736263,2.648925,0.67892,0.5388,0.7819
1694787829257812,-9.431014,0.749263,2.657925,0.72992,0.1712,0.9819
1694787829265625,-9.428014,0.749263,2.652925,0.69192,0.2612,0.281
1694787829273437,-9.413014,0.740263,2.657925,0.68092,0.3212,0.3219
1694787829281250,-9.429014,0.756263,2.637925,0.63392,0.3388,0.6319
1694787829289062,-9.424014,0.758263,2.625925,0.71192,0.6888,0.11119
1694787829296875,-9.428014,0.753263,2.639925,0.72392,0.4212,0.3019
1694787829304687,-9.437014,0.740263,2.632925,0.70892,0.5588,0.7719
1694787829312500,-9.446014,0.732263,2.627925,0.72192,0.9288,0.10719
1694787829320312,-9.444014,0.727263,2.621925,0.70992,0.8688,0.9419
1694787829328125,-9.444014,0.720263,2.625925,0.72592,0.11788,0.7919
1694787829335937,-9.439014,0.711263,2.610925,0.71292,0.8288,0.9619
1694787829343750,-9.437014,0.709263,2.607925,0.80192,0.15488,0.9319
1694787829351562,-9.441014,0.714263,2.607925,0.81992,0.8688,0.9519
1694787829359375,-9.437014,0.725263,2.625925,0.78792,0.15088,0.3119
1694787829367187,-9.444014,0.749263,2.630925,0.94092,0.12388,0.1419
1694787829375000,-9.440014,0.769263,2.639925,0.83092,0.10988,0.6019
1694787829382812,-9.429014,0.780263,2.634925,0.85192,0.6688,0.119
1694787829390625,-9.429014,0.796263,2.646925,0.83492,0.8688,0.9519
1694787829398437,-9.429014,0.807263,2.646925,0.75492,0.9088,0.10819
1694787829406250,-9.432014,0.820263,2.648925,0.77592,0.6488,0.8219
1694787829414062,-9.432014,0.831263,2.637925,0.81792,0.8888,0.9419
1694787829421875,-9.429014,0.822263,2.625925,0.73792,0.5588,0.281
1694787829429687,-9.434014,0.822263,2.621925,0.76892,0.13788,0.1319
1694787829437500,-9.438014,0.800263,2.614925,0.72692,0.8288,0.1619
1694787829445312,-9.422014,0.793263,2.610925,0.70792,0.5588,0.2919
1694787829453125,-9.411014,0.786263,2.601925,0.72492,0.10588,0.10919
1694787829460937,-9.399014,0.769263,2.605925,0.70692,0.12388,0.9119
1694787829468750,-9.404014,0.764263,2.619925,0.72592,0.5388,0.9419
1694787829476562,-9.406014,0.760263,2.634925,0.72392,0.15188,0.4519
1694787829484375,-9.413014,0.760263,2.655925,0.80692,0.11588,0.9719
1694787829492187,-9.413014,0.758263,2.664925,0.86292,0.12588,0.10819
1694787829500000,-9.410014,0.758263,2.646925,0.83392,0.20588,0.18819
1694787829507812,-9.402014,0.760263,2.630925,0.72592,0.16888,0.12519
1694787829515625,-9.390014,0.757263,2.634925,0.74192,0.16688,0.7819
1694787829523437,-9.374014,0.751263,2.627925,0.76492,0.16288,0.7319
1694787829531250,-9.374014,0.753263,2.614925,0.70892,0.13788,0.10819
1694787829539062,-9.363014,0.759263,2.596925,0.72492,0.8688,0.7819
1694787829546875,-9.366014,0.761263,2.609925,0.73892,0.9088,0.9219
1694787829554687,-9.375014,0.768263,2.614925,0.70892,0.10288,0.4519
1694787829562500,-9.382014,0.777263,2.634925,0.72292,0.5788,0.9219
1694787829570312,-9.393014,0.768263,2.637925,0.70692,0.8888,0.2919
1694787829578125,-9.379014,0.773263,2.652925,0.70592,0.9088,0.4419
1694787829585937,-9.377014,0.762263,2.659925,0.72092,0.4388,0.5919
1694787829593750,-9.366014,0.761263,2.657925,0.78792,0.2188,0.6319
1694787829601562,-9.357014,0.754263,2.655925,0.72792,0.0,0.3219
1694787829609375,-9.357014,0.766263,2.648925,0.73692,0.7688,0.4319
1694787829617187,-9.363014,0.773263,2.657925,0.78192,0.112,0.5819
1694787829625000,-9.375014,0.784263,2.644925,0.75992,0.1712,0.1819
1694787829632812,-9.398014,0.791263,2.648925,0.75492,0.2288,0.1319
1694787829640625,-9.416014,0.795263,2.634925,0.80092,0.712,0.1319
1694787829648437,-9.431014,0.793263,2.623925,0.86992,0.1712,0.3519
1694787829656250,-9.447014,0.800263,2.625925,0.92792,0.7512,0.3219
1694787829664062,-9.454014,0.794263,2.619925,0.81792,0.488,0.1681
1694787829671875,-9.454014,0.794263,2.600925,0.75092,0.3612,0.481
1694787829679687,-9.463014,0.798263,2.609925,0.89592,0.7012,0.11019
1694787829687500,-9.449014,0.789263,2.614925,0.80192,0.3812,0.12519
1694787829695312,-9.447014,0.798263,2.619925,0.72592,0.5612,0.17319
1694787829703125,-9.433014,0.791263,2.630925,0.70492,0.112,0.12119
1694787829710937,-9.409014,0.793263,2.627925,0.70792,0.7112,0.14019
1694787829718750,-9.389014,0.797263,2.616925,0.70892,0.12012,0.14019
1694787829726562,-9.371014,0.793263,2.619925,0.72492,0.712,0.14119
1694787829734375,-9.373014,0.795263,2.634925,0.70892,0.12212,0.7719
1694787829742187,-9.375014,0.793263,2.634925,0.72692,0.6012,0.12719
1694787829750000,-9.384014,0.802263,2.643925,0.70592,0.3612,0.12319
1694787829757812,-9.398014,0.817263,2.639925,0.76292,0.6412,0.22619
1694787829765625,-9.409014,0.831263,2.643925,0.75392,0.5012,0.20319
1694787829773437,-9.423014,0.829263,2.641925,0.73992,0.2588,0.10919
1694787829781250,-9.432014,0.827263,2.637925,0.73992,0.2312,0.10919
1694787829789062,-9.427014,0.827263,2.625925,0.71092,0.9312,0.9519
1694787829796875,-9.436014,0.816263,2.607925,0.72692,0.7712,0.9519
1694787829804687,-9.447014,0.800263,2.605925,0.70792,0.12012,0.10819
1694787829812500,-9.443014,0.794263,2.605925,0.72892,0.14212,0.17619
1694787829820312,-9.442014,0.780263,2.589925,0.71092,0.2312,0.22119
1694787829828125,-9.447014,0.776263,2.610925,0.72792,0.6012,0.17519
1694787829835937,-9.442014,0.778263,2.596925,0.72692,0.4212,0.17419
1694787829843750,-9.433014,0.780263,2.585925,0.77792,0.9512,0.20919
1694787829851562,-9.431014,0.780263,2.589925,0.75892,0.4412,0.15919
1694787829859375,-9.420014,0.795263,2.587925,0.74292,0.2712,0.15919
1694787829867187,-9.409014,0.804263,2.589925,0.74592,0.4812,0.12919
1694787829875000,-9.394014,0.822263,2.598925,0.72992,0.3388,0.16019
1694787829882812,-9.396014,0.819263,2.605925,0.71192,0.488,0.17419
1694787829890625,-9.385014,0.833263,2.612925,0.74492,0.4612,0.16019
1694787829898437,-9.391014,0.817263,2.610925,0.72792,0.2712,0.15919
1694787829906250,-9.391014,0.817263,2.614925,0.71292,0.288,0.12719
1694787829914062,-9.391014,0.815263,2.600925,0.72192,0.1288,0.12319
1694787829921875,-9.400014,0.806263,2.598925,0.72392,0.712,0.9319
1694787829929687,-9.406014,0.811263,2.614925,0.71892,0.1312,0.15219
1694787829937500,-9.411014,0.813263,2.605925,0.77492,0.4612,0.8019
1694787829945312,-9.418014,0.818263,2.600925,0.70392,0.6188,0.4219
1694787829953125,-9.420014,0.820263,2.601925,0.75692,0.6012,0.6319
1694787829960937,-9.416014,0.833263,2.605925,0.77092,0.5612,0.9319
1694787829968750,-9.430014,0.827263,2.612925,0.72592,0.1112,0.9519
1694787829976562,-9.414014,0.831263,2.589925,0.75892,0.6012,0.15919
1694787829984375,-9.407014,0.828263,2.594925,0.75992,0.2912,0.14419
1694787829992187,-9.414014,0.838263,2.594925,0.70892,0.5812,0.6219
1694787830000000,-9.418014,0.838263,2.596925,0.72092,0.2012,0.9119
1694787830007812,-9.425014,0.847263,2.594925,0.70292,0.0,0.10419
1694787830015625,-9.430014,0.845263,2.605925,0.72092,0.5212,0.5919
1694787830023437,-9.421014,0.838263,2.607925,0.69492,0.912,0.14119
1694787830031250,-9.430014,0.847263,2.608925,0.71492,0.8312,0.8219
1694787830039062,-9.430014,0.844263,2.616925,0.72692,0.1312,0.4719
1694787830046875,-9.425014,0.835263,2.617925,0.72992,0.1712,0.6619
1694787830054687,-9.427014,0.833263,2.603925,0.73992,0.3988,0.9319
1694787830062500,-9.421014,0.849263,2.601925,0.72592,0.1112,0.9519
1694787830070312,-9.421014,0.835263,2.610925,0.82092,0.3788,0.14319
1694787830078125,-9.409014,0.831263,2.609925,0.75392,0.1088,0.9219
1694787830085937,-9.403014,0.840263,2.616925,0.79892,0.312,0.7519
1694787830093750,-9.407014,0.824263,2.621925,0.77092,0.10812,0.1519
1694787830101562,-9.403014,0.820263,2.614925,0.72592,0.1112,0.9519
1694787830109375,-9.409014,0.820263,2.614925,0.75692,0.2188,0.7919
1694787830117187,-9.407014,0.828263,2.605925,0.69892,0.6612,0.9819
1694787830125000,-9.401014,0.828263,2.596925,0.76092,0.6612,0.6619
1694787830132812,-9.396014,0.830263,2.594925,0.79092,0.1512,0.6519
1694787830140625,-9.396014,0.846263,2.605925,0.74192,0.5388,0.11019
1694787830148437,-9.398014,0.846263,2.598925,0.70892,0.3988,0.7719
1694787830156250,-9.399014,0.860263,2.594925,0.72492,0.912,0.9419
1694787830164062,-9.410014,0.867263,2.591925,0.68992,0.312,0.9019
1694787830171875,-9.421014,0.864263,2.576925,0.70892,0.688,0.7719
1694787830179687,-9.437014,0.865263,2.578925,0.64692,0.688,0.9319
1694787830187500,-9.428014,0.867263,2.578925,0.55492,0.5388,0.15619
1694787830195312,-9.452014,0.863263,2.576925,0.62492,0.3412,0.5719
1694787830203125,-9.454014,0.843263,2.582925,0.69192,0.512,0.13919
1694787830210937,-9.461014,0.838263,2.578925,0.63192,0.5388,0.10919
1694787830218750,-9.443014,0.829263,2.583925,0.64592,0.5612,0.10819
1694787830226562,-9.448014,0.836263,2.569925,0.67792,0.2288,0.9319
1694787830234375,-9.445014,0.818263,2.562925,0.73092,0.188,0.17719
1694787830242187,-9.443014,0.823263,2.573925,0.70592,0.9488,0.13819
1694787830250000,-9.436014,0.820263,2.574925,0.72292,0.9088,0.9219
1694787830257812,-9.434014,0.820263,2.576925,0.71192,0.9888,0.8019
1694787830265625,-9.429014,0.820263,2.578925,0.72492,0.8888,0.10919
1694787830273437,-9.427014,0.829263,2.585925,0.70892,0.7288,0.9319
1694787830281250,-9.409014,0.835263,2.585925,0.71992,0.4788,0.12119
1694787830289062,-9.405014,0.851263,2.571925,0.70492,0.6188,0.7419
1694787830296875,-9.403014,0.851263,2.582925,0.71792,0.4988,0.8819
1694787830304687,-9.392014,0.857263,2.582925,0.70692,0.2212,0.7519
1694787830312500,-9.397014,0.868263,2.569925,0.78892,0.4412,0.6319
1694787830320312,-9.394014,0.871263,2.576925,0.66192,0.688,0.9319
1694787830328125,-9.412014,0.855263,2.574925,0.71192,0.4612,0.9619
1694787830335937,-9.414014,0.853263,2.571925,0.67892,0.9112,0.9419
1694787830343750,-9.421014,0.842263,2.564925,0.61292,0.5512,0.9119
1694787830351562,-9.436014,0.831263,2.558925,0.65792,0.312,0.7419
1694787830359375,-9.450014,0.831263,2.558925,0.70892,0.7288,0.9319
1694787830367187,-9.463014,0.839263,2.562925,0.70392,0.9688,0.12119
1694787830375000,-9.477014,0.848263,2.578925,0.72092,0.7888,0.10619
1694787830382812,-9.464014,0.861263,2.601925,0.65892,0.10888,0.7419
1694787830390625,-9.448014,0.872263,2.607925,0.62392,0.8288,0.8719
1694787830398437,-9.424014,0.873263,2.592925,0.69792,0.3188,0.6519
1694787830406250,-9.410014,0.880263,2.562925,0.71192,0.8488,0.11119
1694787830414062,-9.392014,0.871263,2.556925,0.62992,0.7188,0.6019
1694787830421875,-9.381014,0.855263,2.558925,0.55592,0.6588,0.7819
1694787830429687,-9.382014,0.844263,2.553925,0.49992,0.3088,0.10319
1694787830437500,-9.380014,0.819263,2.553925,0.58092,0.9488,0.15219
1694787830445312,-9.393014,0.813263,2.549925,0.53092,0.7988,0.10319
1694787830453125,-9.395014,0.811263,2.558925,0.56392,0.9488,0.8819
1694787830460937,-9.409014,0.820263,2.562925,0.64392,0.9488,0.18519
1694787830468750,-9.420014,0.820263,2.566925,0.60692,0.8688,0.14919
1694787830476562,-9.427014,0.829263,2.558925,0.64392,0.312,0.13819
1694787830484375,-9.429014,0.834263,2.569925,0.71992,0.1488,0.10519
1694787830492187,-9.432014,0.840263,2.573925,0.70192,0.1688,0.7219
1694787830500000,-9.430014,0.847263,2.580925,0.65692,0.3088,0.8919
1694787830507812,-9.412014,0.851263,2.591925,0.70592,0.2012,0.9019
1694787830515625,-9.394014,0.860263,2.574925,0.69192,0.2412,0.7619
1694787830523437,-9.394014,0.862263,2.580925,0.68692,0.1612,0.8819
1694787830531250,-9.396014,0.862263,2.578925,0.68392,0.5912,0.10219
1694787830539062,-9.387014,0.862263,2.585925,0.59892,0.7312,0.9219
1694787830546875,-9.392014,0.862263,2.569925,0.69192,0.3812,0.12419
1694787830554687,-9.405014,0.844263,2.558925,0.72292,0.3812,0.10819
1694787830562500,-9.427014,0.840263,2.549925,0.70492,0.3412,0.12219
1694787830570312,-9.434014,0.838263,2.538925,0.70892,0.7512,0.4619
1694787830578125,-9.454014,0.836263,2.546925,0.71992,0.312,0.5819
1694787830585937,-9.466014,0.849263,2.542925,0.70792,0.1012,0.1319
1694787830593750,-9.473014,0.854263,2.558925,0.68192,0.9512,0.12819
1694787830601562,-9.473014,0.863263,2.556925,0.66392,0.6112,0.7819
1694787830609375,-9.453014,0.880263,2.560925,0.69592,0.6312,0.4719
1694787830617187,-9.451014,0.878263,2.565925,0.68192,0.1312,0.15919
1694787830625000,-9.446014,0.880263,2.569925,0.69492,0.912,0.17319
1694787830632812,-9.430014,0.867263,2.591925,0.54892,0.2012,0.12119
1694787830640625,-9.430014,0.867263,2.576925,0.71192,0.2712,0.14319
1694787830648437,-9.433014,0.867263,2.578925,0.60192,0.6888,0.11019
1694787830656250,-9.421014,0.862263,2.596925,0.66392,0.912,0.15719
1694787830664062,-9.408014,0.864263,2.580925,0.66292,0.3988,0.15719
1694787830671875,-9.412014,0.866263,2.583925,0.56992,0.5588,0.18819
1694787830679687,-9.407014,0.864263,2.582925,0.68992,0.6188,0.12219
1694787830687500,-9.414014,0.866263,2.576925,0.71092,0.3988,0.17319
1694787830695312,-9.421014,0.860263,2.562925,0.63192,0.5688,0.18819
1694787830703125,-9.437014,0.860263,2.556925,0.55092,0.5788,0.10619
1694787830710937,-9.435014,0.867263,2.549925,0.64292,0.4388,0.5819
1694787830718750,-9.435014,0.864263,2.556925,0.64692,0.5388,0.6119
1694787830726562,-9.446014,0.869263,2.567925,0.69392,0.3988,0.10919
1694787830734375,-9.450014,0.871263,2.558925,0.56992,0.5388,0.12419
1694787830742187,-9.464014,0.872263,2.549925,0.71192,0.1988,0.9519
1694787830750000,-9.468014,0.876263,2.558925,0.70792,0.4188,0.9219
1694787830757812,-9.473014,0.878263,2.558925,0.72492,0.5588,0.9319
1694787830765625,-9.460014,0.878263,2.553925,0.70992,0.5388,0.9419
1694787830773437,-9.450014,0.876263,2.555925,0.72192,0.4388,0.10719
1694787830781250,-9.444014,0.880263,2.560925,0.74492,0.1488,0.6519
1694787830789062,-9.430014,0.869263,2.564925,0.70392,0.6188,0.5819
1694787830796875,-9.406014,0.882263,2.578925,0.72892,0.4988,0.11219
1694787830804687,-9.381014,0.882263,2.585925,0.70292,0.9688,0.5719
1694787830812500,-9.379014,0.877263,2.578925,0.72592,0.7288,0.15719
1694787830820312,-9.377014,0.890263,2.589925,0.70992,0.8688,0.7819
1694787830828125,-9.379014,0.897263,2.592925,0.74292,0.10188,0.11119
1694787830835937,-9.377014,0.904263,2.592925,0.77092,0.13788,0.9319
1694787830843750,-9.390014,0.915263,2.591925,0.70492,0.12788,0.8919
1694787830851562,-9.395014,0.922263,2.592925,0.72392,0.4188,0.10819
1694787830859375,-9.409014,0.924263,2.578925,0.70892,0.8888,0.10919
1694787830867187,-9.411014,0.918263,2.582925,0.72092,0.6188,0.12219
1694787830875000,-9.420014,0.922263,2.576925,0.70892,0.7288,0.9319
1694787830882812,-9.427014,0.918263,2.574925,0.71292,0.5288,0.17519
1694787830890625,-9.433014,0.911263,2.562925,0.71892,0.9688,0.10519
1694787830898437,-9.435014,0.916263,2.569925,0.70592,0.7688,0.5919
1694787830906250,-9.431014,0.924263,2.574925,0.72392,0.5588,0.4519
1694787830914062,-9.433014,0.918263,2.576925,0.67292,0.11088,0.8919
1694787830921875,-9.426014,0.920263,2.573925,0.70592,0.7888,0.12219
1694787830929687,-9.422014,0.920263,2.576925,0.75192,0.5988,0.4319
1694787830937500,-9.410014,0.918263,2.578925,0.70292,0.4788,0.5719
1694787830945312,-9.409014,0.924263,2.569925,0.72192,0.5788,0.4419
1694787830953125,-9.411014,0.920263,2.569925,0.70692,0.4188,0.6019
1694787830960937,-9.408014,0.922263,2.567925,0.72192,0.5788,0.1219
1694787830968750,-9.427014,0.929263,2.576925,0.70792,0.10288,0.1881
1694787830976562,-9.434014,0.940263,2.574925,0.70792,0.5588,0.6119
1694787830984375,-9.431014,0.933263,2.558925,0.72692,0.288,0.4719
1694787830992187,-9.431014,0.936263,2.573925,0.70192,0.6588,0.5619
1694787831000000,-9.431014,0.933263,2.574925,0.72392,0.7288,0.7719
1694787831007812,-9.431014,0.938263,2.582925,0.70192,0.14588,0.4019
1694787831015625,-9.429014,0.922263,2.594925,0.69092,0.10988,0.12219
1694787831023437,-9.404014,0.931263,2.607925,0.72292,0.12388,0.7619
1694787831031250,-9.395014,0.928263,2.612925,0.70592,0.12588,0.7419
1694787831039062,-9.380014,0.937263,2.610925,0.72392,0.15488,0.7619
1694787831046875,-9.373014,0.948263,2.618925,0.70192,0.9888,0.7219
1694787831054687,-9.373014,0.950263,2.610925,0.65192,0.8088,0.11219
1694787831062500,-9.389014,0.966263,2.612925,0.67892,0.8688,0.9319
1694787831070312,-9.402014,0.962263,2.598925,0.70492,0.2888,0.5819
1694787831078125,-9.405014,0.973263,2.601925,0.63092,0.3788,0.4519
1694787831085937,-9.407014,0.962263,2.589925,0.68692,0.11288,0.7219
1694787831093750,-9.409014,0.944263,2.573925,0.65592,0.9688,0.5619
1694787831101562,-9.404014,0.946263,2.583925,0.65892,0.7688,0.10619
1694787831109375,-9.422014,0.933263,2.576925,0.68292,0.6488,0.12919
1694787831117187,-9.420014,0.913263,2.574925,0.64592,0.2288,0.9219
1694787831125000,-9.424014,0.909263,2.576925,0.72092,0.2988,0.7419
1694787831132812,-9.426014,0.920263,2.578925,0.70792,0.10788,0.10819
1694787831140625,-9.422014,0.918263,2.574925,0.72292,0.10688,0.7619
1694787831148437,-9.416014,0.931263,2.576925,0.74192,0.8488,0.7919
1694787831156250,-9.409014,0.928263,2.569925,0.71092,0.8488,0.9519
1694787831164062,-9.409014,0.928263,2.574925,0.72492,0.5388,0.6219
1694787831171875,-9.411014,0.929263,2.567925,0.70392,0.9488,0.5819
1694787831179687,-9.409014,0.931263,2.551925,0.72492,0.7088,0.7819
1694787831187500,-9.429014,0.931263,2.569925,0.70592,0.9288,0.10719
1694787831195312,-9.429014,0.938263,2.578925,0.76492,0.6588,0.8919
1694787831203125,-9.429014,0.924263,2.578925,0.88292,0.8688,0.9619
1694787831210937,-9.424014,0.920263,2.580925,0.89092,0.8088,0.7519
1694787831218750,-9.410014,0.907263,2.589925,0.82892,0.11388,0.12219
1694787831226562,-9.399014,0.897263,2.576925,0.70692,0.9088,0.7619
1694787831234375,-9.406014,0.902263,2.583925,0.73692,0.7688,0.5919
1694787831242187,-9.406014,0.915263,2.587925,0.76892,0.9288,0.9119
1694787831250000,-9.411014,0.931263,2.585925,0.79392,0.7888,0.11519
1694787831257812,-9.413014,0.931263,2.599925,0.78992,0.11588,0.6419
1694787831265625,-9.434014,0.938263,2.607925,0.80392,0.16688,0.4719
1694787831273437,-9.422014,0.942263,2.625925,0.80192,0.13788,0.7719
1694787831281250,-9.418014,0.933263,2.634925,0.83192,0.7688,0.10819
1694787831289062,-9.418014,0.940263,2.621925,0.83292,0.10588,0.6219
1694787831296875,-9.413014,0.919263,2.612925,0.79492,0.10588,0.519
1694787831304687,-9.406014,0.902263,2.592925,0.70892,0.6988,0.3019
1694787831312500,-9.399014,0.888263,2.574925,0.75192,0.10688,0.381
1694787831320312,-9.388014,0.875263,2.576925,0.75492,0.14988,0.4981
1694787831328125,-9.390014,0.862263,2.574925,0.70592,0.18688,0.1981
1694787831335937,-9.394014,0.864263,2.578925,0.83492,0.6888,0.0
1694787831343750,-9.392014,0.866263,2.583925,0.90192,0.7888,0.2019
1694787831351562,-9.397014,0.881263,2.594925,0.88792,0.6088,0.3719
1694787831359375,-9.406014,0.880263,2.619925,0.95692,0.8888,0.1681
1694787831367187,-9.410014,0.891263,2.630925,0.97592,0.14888,0.4581
1694787831375000,-9.431014,0.896263,2.639925,0.95592,0.9088,0.181
1694787831382812,-9.433014,0.902263,2.652925,0.90992,0.6988,0.7981
1694787831390625,-9.426014,0.900263,2.661925,0.95592,0.8888,0.6481
1694787831398437,-9.426014,0.904263,2.655925,0.90892,0.7188,0.8081
1694787831406250,-9.413014,0.908263,2.659925,0.93092,0.9688,0.1281
1694787831414062,-9.395014,0.931263,2.668925,0.92592,0.8888,0.1681
1694787831421875,-9.386014,0.924263,2.650925,0.97392,0.4988,0.15781
1694787831429687,-9.371014,0.923263,2.646925,0.95992,0.3388,0.10981
1694787831437500,-9.368014,0.912263,2.648925,0.97492,0.8488,0.6281
1694787831445312,-9.386014,0.908263,2.635925,0.97592,0.4588,0.18781
1694787831453125,-9.397014,0.904263,2.626925,0.96192,0.6488,0.4481
1694787831460937,-9.395014,0.915263,2.630925,0.97492,0.8288,0.9381
1694787831468750,-9.406014,0.904263,2.621925,0.94092,0.8888,0.4881
1694787831476562,-9.413014,0.924263,2.623925,0.102592,0.6088,0.8981
1694787831484375,-9.416014,0.928263,2.644925,0.94592,0.8088,0.6081
1694787831492187,-9.409014,0.935263,2.648925,0.91292,0.4988,0.10981
1694787831500000,-9.395014,0.946263,2.650925,0.95492,0.12388,0.8181
1694787831507812,-9.380014,0.944263,2.634925,0.89392,0.5588,0.4881
1694787831515625,-9.371014,0.935263,2.637925,0.83292,0.488,0.3281
1694787831523437,-9.371014,0.939263,2.648925,0.71092,0.8088,0.4781
1694787831531250,-9.373014,0.921263,2.653925,0.75592,0.8488,0.3281
1694787831539062,-9.391014,0.928263,2.657925,0.77792,0.2588,0.4381
1694787831546875,-9.398014,0.937263,2.668925,0.78992,0.4788,0.2981
1694787831554687,-9.398014,0.937263,2.657925,0.77592,0.9288,0.4481
1694787831562500,-9.418014,0.938263,2.668925,0.73892,0.6988,0.3381
1694787831570312,-9.402014,0.933263,2.668925,0.78892,0.8088,0.6281
1694787831578125,-9.387014,0.930263,2.680925,0.71392,0.9288,0.4581
1694787831585937,-9.380014,0.921263,2.671925,0.72892,0.4588,0.2981
1694787831593750,-9.370014,0.914263,2.666925,0.72592,0.9688,0.6381
1694787831601562,-9.359014,0.910263,2.666925,0.70992,0.4988,0.6381
1694787831609375,-9.350014,0.910263,2.659925,0.70992,0.4788,0.9581
1694787831617187,-9.348014,0.912263,2.646925,0.60092,0.3088,0.8081
1694787831625000,-9.359014,0.919263,2.646925,0.72792,0.4588,0.4581
1694787831632812,-9.368014,0.919263,2.648925,0.60292,0.2688,0.12681
1694787831640625,-9.377014,0.906263,2.650925,0.66192,0.4688,0.15981
1694787831648437,-9.391014,0.901263,2.639925,0.58592,0.1288,0.9581
1694787831656250,-9.395014,0.915263,2.630925,0.48592,0.3888,0.6981
1694787831664062,-9.402014,0.902263,2.619925,0.56692,0.1212,0.3481
1694787831671875,-9.420014,0.900263,2.610925,0.55492,0.4788,0.3281
1694787831679687,-9.406014,0.899263,2.608925,0.58792,0.1088,0.6281
1694787831687500,-9.413014,0.900263,2.612925,0.64892,0.3088,0.4781
1694787831695312,-9.406014,0.902263,2.610925,0.59892,0.5388,0.1219
1694787831703125,-9.399014,0.888263,2.621925,0.58592,0.1612,0.1519
1694787831710937,-9.390014,0.886263,2.632925,0.49192,0.3088,0.4981
1694787831718750,-9.379014,0.892263,2.626925,0.51192,0.2688,0.3319
1694787831726562,-9.372014,0.901263,2.641925,0.52192,0.4988,0.1781
1694787831734375,-9.372014,0.892263,2.637925,0.46192,0.2888,0.4881
1694787831742187,-9.395014,0.897263,2.630925,0.49292,0.7988,0.1419
1694787831750000,-9.408014,0.902263,2.632925,0.50392,0.8588,0.481
1694787831757812,-9.428014,0.898263,2.634925,0.50692,0.6312,0.1319
1694787831765625,-9.438014,0.900263,2.637925,0.54492,0.10612,0.319
1694787831773437,-9.442014,0.893263,2.614925,0.44492,0.4912,0.1881
1694787831781250,-9.451014,0.885263,2.607925,0.47392,0.9412,0.1981
1694787831789062,-9.440014,0.884263,2.603925,0.45992,0.9812,0.4981
1694787831796875,-9.431014,0.878263,2.599925,0.47692,0.14912,0.4881
1694787831804687,-9.421014,0.869263,2.603925,0.45792,0.11012,0.3581
1694787831812500,-9.426014,0.871263,2.607925,0.47592,0.11412,0.1781
1694787831820312,-9.417014,0.864263,2.610925,0.46292,0.10212,0.4781
1694787831828125,-9.406014,0.871263,2.603925,0.47392,0.16012,0.3481
1694787831835937,-9.395014,0.864263,2.612925,0.54492,0.10812,0.4381
1694787831843750,-9.399014,0.864263,2.616925,0.47192,0.5912,0.3681
1694787831851562,-9.404014,0.880263,2.619925,0.50692,0.7912,0.1319
1694787831859375,-9.404014,0.895263,2.630925,0.57292,0.2012,0.0
1694787831867187,-9.404014,0.884263,2.644925,0.53792,0.1612,0.4981
1694787831875000,-9.404014,0.884263,2.648925,0.47292,0.4512,0.5181
1694787831882812,-9.401014,0.882263,2.645925,0.48292,0.8412,0.4081
1694787831890625,-9.404014,0.888263,2.648925,0.45992,0.6512,0.4981
1694787831898437,-9.397014,0.891263,2.648925,0.43992,0.5912,0.5381
1694787831906250,-9.399014,0.891263,2.664925,0.45892,0.4712,0.3481
1694787831914062,-9.399014,0.890263,2.659925,0.47692,0.3412,0.1681
1694787831921875,-9.408014,0.886263,2.632925,0.46092,0.1488,0.4981
1694787831929687,-9.422014,0.880263,2.639925,0.45992,0.3088,0.4981
1694787831937500,-9.423014,0.862263,2.648925,0.47392,0.7812,0.1981
1694787831945312,-9.421014,0.867263,2.643925,0.42492,0.4312,0.3781
1694787831953125,-9.412014,0.860263,2.630925,0.39392,0.1212,0.3681
1694787831960937,-9.426014,0.851263,2.630925,0.46192,0.212,0.1419
1694787831968750,-9.421014,0.842263,2.625925,0.47492,0.4412,0.7619
1694787831976562,-9.423014,0.840263,2.619925,0.45592,0.4088,0.5719
1694787831984375,-9.434014,0.842263,2.616925,0.42792,0.488,0.5919
1694787831992187,-9.432014,0.838263,2.614925,0.47592,0.3212,0.1781
1694787832000000,-9.430014,0.851263,2.632925,0.49292,0.1488,0.1519
1694787832007812,-9.414014,0.853263,2.619925,0.52192,0.1412,0.2919
1694787832015625,-9.399014,0.857263,2.637925,0.47292,0.1212,0.5281
1694787832023437,-9.392014,0.866263,2.635925,0.45992,0.4988,0.1319
1694787832031250,-9.376014,0.868263,2.630925,0.47392,0.3688,0.2719
1694787832039062,-9.363014,0.861263,2.643925,0.45792,0.2088,0.2719
1694787832046875,-9.358014,0.866263,2.650925,0.47292,0.2612,0.2719
1694787832054687,-9.360014,0.852263,2.650925,0.47592,0.9888,0.4519
1694787832062500,-9.362014,0.846263,2.646925,0.51692,0.5788,0.581
1694787832070312,-9.371014,0.846263,2.646925,0.47192,0.6988,0.5281
1694787832078125,-9.396014,0.844263,2.648925,0.55692,0.412,0.1581
1694787832085937,-9.410014,0.844263,2.650925,0.64792,0.0,0.1681
1694787832093750,-9.407014,0.833263,2.646925,0.65992,0.3888,0.1981
1694787832101562,-9.412014,0.849263,2.648925,0.66292,0.1612,0.4781
1694787832109375,-9.412014,0.851263,2.643925,0.70792,0.6112,0.4981
1694787832117187,-9.405014,0.844263,2.630925,0.53192,0.2212,0.3881
1694787832125000,-9.412014,0.844263,2.614925,0.62592,0.2488,0.6881
1694787832132812,-9.418014,0.822263,2.612925,0.59992,0.1888,0.181
1694787832140625,-9.430014,0.822263,2.603925,0.64792,0.6388,0.6381
1694787832148437,-9.430014,0.827263,2.592925,0.64092,0.7188,0.14881
1694787832156250,-9.434014,0.829263,2.607925,0.69192,0.8388,0.6581
1694787832164062,-9.439014,0.836263,2.623925,0.67792,0.11288,0.9581
1694787832171875,-9.437014,0.851263,2.641925,0.70492,0.12088,0.8381
1694787832179687,-9.430014,0.849263,2.650925,0.72392,0.4988,0.11181
1694787832187500,-9.432014,0.860263,2.637925,0.70392,0.10488,0.11581
1694787832195312,-9.423014,0.851263,2.619925,0.71992,0.6988,0.17881
1694787832203125,-9.414014,0.853263,2.614925,0.73392,0.4088,0.16381
1694787832210937,-9.421014,0.833263,2.610925,0.74992,0.8988,0.14781
1694787832218750,-9.414014,0.822263,2.612925,0.77892,0.7788,0.13381
1694787832226562,-9.400014,0.815263,2.618925,0.70092,0.7788,0.11881
1694787832234375,-9.384014,0.806263,2.628925,0.78492,0.8588,0.9781
1694787832242187,-9.382014,0.817263,2.634925,0.77092,0.2088,0.1681
1694787832250000,-9.378014,0.828263,2.636925,0.71692,0.9388,0.7081
1694787832257812,-9.378014,0.831263,2.643925,0.70192,0.6188,0.3781
1694787832265625,-9.378014,0.831263,2.648925,0.71692,0.4488,0.8581
1694787832273437,-9.387014,0.846263,2.645925,0.69792,0.6588,0.12081
1694787832281250,-9.385014,0.840263,2.648925,0.74592,0.212,0.16681
1694787832289062,-9.378014,0.833263,2.646925,0.74992,0.4088,0.16381
1694787832296875,-9.376014,0.826263,2.643925,0.70392,0.588,0.16281
1694787832304687,-9.389014,0.833263,2.632925,0.71992,0.1012,0.17881
1694787832312500,-9.400014,0.829263,2.627925,0.71292,0.4712,0.13681
1694787832320312,-9.391014,0.831263,2.637925,0.79592,0.3912,0.16381
1694787832328125,-9.409014,0.824263,2.630925,0.74592,0.5112,0.16581
1694787832335937,-9.414014,0.829263,2.628925,0.73492,0.4312,0.17881
1694787832343750,-9.414014,0.826263,2.610925,0.70592,0.388,0.14581
1694787832351562,-9.416014,0.831263,2.616925,0.71892,0.10712,0.19481
1694787832359375,-9.427014,0.833263,2.616925,0.70292,0.12112,0.14781
1694787832367187,-9.423014,0.838263,2.607925,0.71792,0.2212,0.13281
1694787832375000,-9.414014,0.849263,2.616925,0.69992,0.4688,0.8681
1694787832382812,-9.421014,0.840263,2.623925,0.72192,0.2612,0.5081
1694787832390625,-9.430014,0.844263,2.616925,0.70792,0.6112,0.3381
1694787832398437,-9.428014,0.853263,2.634925,0.68692,0.2888,0.3781
1694787832406250,-9.412014,0.855263,2.623925,0.60892,0.2012,0.5481
1694787832414062,-9.407014,0.849263,2.648925,0.60692,0.6312,0.2319
1694787832421875,-9.407014,0.840263,2.650925,0.56492,0.612,0.7419
1694787832429687,-9.410014,0.849263,2.648925,0.56592,0.12212,0.2819
1694787832437500,-9.403014,0.844263,2.639925,0.59492,0.8312,0.8919
1694787832445312,-9.392014,0.839263,2.643925,0.45692,0.3888,0.2619
1694787832453125,-9.401014,0.837263,2.648925,0.52192,0.2812,0.6019
1694787832460937,-9.394014,0.837263,2.641925,0.51892,0.4088,0.5819
1694787832468750,-9.396014,0.833263,2.646925,0.49092,0.7912,0.281
1694787832476562,-9.408014,0.851263,2.641925,0.46092,0.3088,0.181
1694787832484375,-9.423014,0.840263,2.630925,0.47392,0.488,0.2719
1694787832492187,-9.434014,0.829263,2.626925,0.46192,0.212,0.1419
1694787832500000,-9.447014,0.823263,2.634925,0.53392,0.13788,0.581
1694787832507812,-9.461014,0.805263,2.625925,0.56392,0.5988,0.919
1694787832515625,-9.460014,0.807263,2.621925,0.54492,0.9888,0.5419
1694787832523437,-9.465014,0.789263,2.610925,0.55692,0.1512,0.11119
1694787832531250,-9.463014,0.791263,2.601925,0.52592,0.1288,0.0
1694787832539062,-9.443014,0.798263,2.592925,0.53492,0.8888,0.2719
1694787832546875,-9.436014,0.791263,2.605925,0.49392,0.1488,0.3119
1694787832554687,-9.411014,0.793263,2.616925,0.45592,0.2288,0.3781
1694787832562500,-9.391014,0.802263,2.605925,0.47192,0.2288,0.1019
1694787832570312,-9.387014,0.802263,2.621925,0.45792,0.3688,0.2719
1694787832578125,-9.373014,0.810263,2.610925,0.47492,0.188,0.1219
1694787832585937,-9.371014,0.814263,2.626925,0.51092,0.312,0.3219
1694787832593750,-9.371014,0.812263,2.630925,0.49092,0.1688,0.3481
1694787832601562,-9.378014,0.813263,2.623925,0.45492,0.3912,0.2519
1694787832609375,-9.400014,0.806263,2.634925,0.50892,0.3212,0.6219
1694787832617187,-9.407014,0.791263,2.623925,0.51092,0.6912,0.3219
1694787832625000,-9.431014,0.796263,2.632925,0.55092,0.5712,0.4319
1694787832632812,-9.447014,0.787263,2.632925,0.58492,0.4412,0.6119
1694787832640625,-9.454014,0.780263,2.619925,0.63192,0.6112,0.4619
1694787832648437,-9.451014,0.776263,2.634925,0.52292,0.4612,0.6119
1694787832656250,-9.438014,0.776263,2.625925,0.58592,0.3212,0.1519
1694787832664062,-9.433014,0.765263,2.630925,0.61592,0.12812,0.1681
1694787832671875,-9.415014,0.778263,2.612925,0.58392,0.4712,0.1781
1694787832679687,-9.402014,0.775263,2.616925,0.63292,0.6512,0.3181
1694787832687500,-9.391014,0.782263,2.634925,0.58292,0.6112,0.1881
1694787832695312,-9.395014,0.782263,2.641925,0.56592,0.688,0.481
1694787832703125,-9.397014,0.777263,2.643925,0.67892,0.4412,0.6219
1694787832710937,-9.402014,0.795263,2.637925,0.64792,0.4612,0.1519
1694787832718750,-9.404014,0.788263,2.632925,0.68092,0.5112,0.3081
1694787832726562,-9.408014,0.782263,2.636925,0.59392,0.5312,0.681
1694787832734375,-9.411014,0.791263,2.648925,0.61492,0.4512,0.1881
1694787832742187,-9.406014,0.780263,2.646925,0.59692,0.7312,0.1119
1694787832750000,-9.406014,0.780263,2.648925,0.64592,0.12412,0.4519
1694787832757812,-9.398014,0.786263,2.646925,0.55692,0.8312,0.1619
1694787832765625,-9.379014,0.777263,2.639925,0.72592,0.6312,0.1619
1694787832773437,-9.370014,0.779263,2.643925,0.56892,0.4412,0.6119
1694787832781250,-9.352014,0.783263,2.632925,0.67592,0.2612,0.1881
1694787832789062,-9.348014,0.779263,2.634925,0.65692,0.788,0.8481
1694787832796875,-9.348014,0.785263,2.632925,0.63592,0.7112,0.4481
1694787832804687,-9.362014,0.781263,2.646925,0.56792,0.1412,0.5081
1694787832812500,-9.373014,0.784263,2.625925,0.58692,0.6512,0.4719
1694787832820312,-9.377014,0.784263,2.628925,0.51992,0.4212,0.4319
1694787832828125,-9.395014,0.771263,2.641925,0.55492,0.9812,0.1681
1694787832835937,-9.406014,0.764263,2.648925,0.64492,0.14112,0.3481
1694787832843750,-9.431014,0.767263,2.625925,0.64692,0.16112,0.6481
1694787832851562,-9.449014,0.767263,2.619925,0.68692,0.19012,0.2581
1694787832859375,-9.442014,0.765263,2.614925,0.68192,0.18212,0.1381
1694787832867187,-9.449014,0.754263,2.607925,0.66292,0.19412,0.6381
1694787832875000,-9.442014,0.767263,2.594925,0.61192,0.17412,0.9881
1694787832882812,-9.426014,0.773263,2.589925,0.64092,0.18612,0.9981
1694787832890625,-9.429014,0.758263,2.576925,0.67792,0.17812,0.6381
1694787832898437,-9.420014,0.764263,2.587925,0.61192,0.13912,0.3581
1694787832906250,-9.415014,0.760263,2.574925,0.68292,0.9912,0.5019
1694787832914062,-9.413014,0.780263,2.582925,0.72192,0.18812,0.3381
1694787832921875,-9.404014,0.782263,2.573925,0.62792,0.23712,0.5081
1694787832929687,-9.404014,0.791263,2.576925,0.70892,0.15912,0.3281
1694787832937500,-9.422014,0.776263,2.582925,0.73592,0.12012,0.5181
1694787832945312,-9.424014,0.769263,2.583925,0.70792,0.14112,0.3381
1694787832953125,-9.431014,0.776263,2.580925,0.72292,0.15512,0.281
1694787832960937,-9.418014,0.782263,2.580925,0.72892,0.9712,0.6519
1694787832968750,-9.427014,0.785263,2.587925,0.70792,0.15512,0.2919
1694787832976562,-9.413014,0.784263,2.596925,0.69192,0.12412,0.1781
1694787832984375,-9.407014,0.791263,2.587925,0.72292,0.9212,0.1781
1694787832992187,-9.411014,0.809263,2.587925,0.70992,0.20812,0.1619
1694787833000000,-9.409014,0.815263,2.598925,0.69392,0.19012,0.3019
1694787833007812,-9.423014,0.824263,2.600925,0.72192,0.20212,0.1319
1694787833015625,-9.409014,0.824263,2.607925,0.69492,0.20812,0.4819
1694787833023437,-9.416014,0.831263,2.612925,0.53792,0.17612,0.4619
1694787833031250,-9.410014,0.819263,2.603925,0.49792,0.16912,0.6619
1694787833039062,-9.422014,0.798263,2.587925,0.45892,0.15912,0.2919
1694787833046875,-9.425014,0.795263,2.587925,0.47792,0.21212,0.4719
1694787833054687,-9.434014,0.796263,2.589925,0.49592,0.13212,0.9619
1694787833062500,-9.456014,0.785263,2.587925,0.63192,0.2612,0.12519
1694787833070312,-9.456014,0.787263,2.596925,0.53692,0.9212,0.6019
1694787833078125,-9.460014,0.796263,2.594925,0.56692,0.7312,0.9119
1694787833085937,-9.454014,0.792263,2.596925,0.56992,0.12612,0.6219
1694787833093750,-9.456014,0.780263,2.578925,0.44692,0.8312,0.3119
1694787833101562,-9.440014,0.776263,2.551925,0.48892,0.8912,0.10719
1694787833109375,-9.429014,0.782263,2.551925,0.49192,0.14312,0.7719
1694787833117187,-9.411014,0.773263,2.540925,0.48792,0.10412,0.9019
1694787833125000,-9.395014,0.768263,2.544925,0.46092,0.1412,0.7719
1694787833132812,-9.397014,0.755263,2.556925,0.47792,0.7912,0.12519
1694787833140625,-9.388014,0.753263,2.560925,0.45892,0.10812,0.10719
1694787833148437,-9.406014,0.766263,2.553925,0.49492,0.8112,0.14319
1694787833156250,-9.413014,0.764263,2.553925,0.54492,0.16512,0.17719
1694787833164062,-9.426014,0.760263,2.567925,0.56792,0.8912,0.14019
1694787833171875,-9.435014,0.762263,2.578925,0.60292,0.16112,0.9519
1694787833179687,-9.437014,0.765263,2.582925,0.61492,0.18812,0.6119
1694787833187500,-9.429014,0.771263,2.580925,0.58192,0.10412,0.7519
1694787833195312,-9.426014,0.769263,2.587925,0.67492,0.15512,0.1881
1694787833203125,-9.415014,0.760263,2.583925,0.70992,0.19212,0.1619
1694787833210937,-9.406014,0.771263,2.578925,0.59692,0.16912,0.4319
1694787833218750,-9.393014,0.779263,2.585925,0.68092,0.17712,0.4819
1694787833226562,-9.391014,0.779263,2.565925,0.66192,0.20612,0.3019
1694787833234375,-9.406014,0.784263,2.556925,0.69292,0.27212,0.3281
1694787833242187,-9.415014,0.784263,2.526925,0.70792,0.17312,0.1781
1694787833250000,-9.436014,0.782263,2.522925,0.70892,0.19212,0.3281
1694787833257812,-9.460014,0.787263,2.524925,0.60792,0.18212,0.5481
1694787833265625,-9.469014,0.778263,2.511925,0.53792,0.17612,0.3019
1694787833273437,-9.483014,0.776263,2.502925,0.69692,0.19112,0.12819
1694787833281250,-9.492014,0.777263,2.504925,0.66492,0.15912,0.9519
1694787833289062,-9.487014,0.779263,2.501925,0.64692,0.17112,0.10919
1694787833296875,-9.497014,0.788263,2.497925,0.68292,0.21212,0.9819
1694787833304687,-9.498014,0.766263,2.508925,0.72692,0.14212,0.6319
1694787833312500,-9.487014,0.772263,2.513925,0.71392,0.14612,0.9719
1694787833320312,-9.474014,0.763263,2.508925,0.72892,0.19312,0.9719
1694787833328125,-9.451014,0.756263,2.526925,0.71692,0.21412,0.14719
1694787833335937,-9.435014,0.751263,2.526925,0.72892,0.15812,0.17619
1694787833343750,-9.420014,0.751263,2.538925,0.71992,0.18512,0.16519
1694787833351562,-9.406014,0.768263,2.531925,0.71392,0.14612,0.8119
1694787833359375,-9.407014,0.797263,2.526925,0.71292,0.19312,0.8119
1694787833367187,-9.425014,0.800263,2.535925,0.71492,0.9712,0.12919
1694787833375000,-9.432014,0.809263,2.542925,0.71592,0.11512,0.11419
1694787833382812,-9.434014,0.822263,2.535925,0.70892,0.15712,0.3019
1694787833390625,-9.461014,0.812263,2.524925,0.70792,0.18812,0.3019
1694787833398437,-9.463014,0.803263,2.526925,0.71292,0.11412,0.6519
1694787833406250,-9.463014,0.803263,2.519925,0.70992,0.15712,0.9519
1694787833414062,-9.452014,0.785263,2.524925,0.71592,0.19712,0.8319
1694787833421875,-9.458014,0.778263,2.520925,0.71192,0.17712,0.6519
1694787833429687,-9.474014,0.785263,2.502925,0.73192,0.21412,0.9919
1694787833437500,-9.485014,0.790263,2.499925,0.71292,0.17712,0.8119
1694787833445312,-9.488014,0.794263,2.502925,0.73292,0.19912,0.11619
1694787833453125,-9.485014,0.799263,2.490925,0.73792,0.16712,0.10819
1694787833460937,-9.483014,0.803263,2.488925,0.71492,0.9712,0.12919
1694787833468750,-9.483014,0.805263,2.492925,0.72592,0.7512,0.14219
1694787833476562,-9.474014,0.814263,2.495925,0.71392,0.16312,0.8119
1694787833484375,-9.461014,0.809263,2.502925,0.72992,0.1988,0.22419
1694787833492187,-9.447014,0.809263,2.511925,0.69692,0.588,0.19019
1694787833500000,-9.429014,0.820263,2.504925,0.70892,0.888,0.14019
1694787833507812,-9.430014,0.822263,2.513925,0.73092,0.4812,0.19319
1694787833515625,-9.419014,0.833263,2.520925,0.65292,0.3388,0.22419
1694787833523437,-9.412014,0.831263,2.535925,0.66492,0.4212,0.18919
1694787833531250,-9.407014,0.828263,2.544925,0.71292,0.8488,0.17519
1694787833539062,-9.407014,0.831263,2.535925,0.68092,0.488,0.19019
1694787833546875,-9.400014,0.829263,2.519925,0.67892,0.12212,0.18919
1694787833554687,-9.410014,0.831263,2.513925,0.66992,0.5012,0.19319
1694787833562500,-9.412014,0.831263,2.513925,0.68292,0.6412,0.11219
1694787833570312,-9.421014,0.822263,2.497925,0.63492,0.16112,0.9619
1694787833578125,-9.436014,0.820263,2.474925,0.70892,0.15512,0.7719
1694787833585937,-9.450014,0.814263,2.468925,0.72992,0.6412,0.14519
1694787833593750,-9.463014,0.807263,2.468925,0.70792,0.2112,0.15619
1694787833601562,-9.454014,0.803263,2.445925,0.71092,0.6012,0.7919
1694787833609375,-9.458014,0.794263,2.441925,0.70992,0.5812,0.12619
1694787833617187,-9.454014,0.803263,2.434925,0.65992,0.512,0.9119
1694787833625000,-9.450014,0.811263,2.432925,0.71492,0.9488,0.9819
1694787833632812,-9.463014,0.803263,2.436925,0.72092,0.9488,0.13819
1694787833640625,-9.456014,0.805263,2.452925,0.70692,0.5412,0.10819
1694787833648437,-9.459014,0.811263,2.466925,0.72692,0.1988,0.9519
1694787833656250,-9.459014,0.821263,2.465925,0.73692,0.4388,0.7519
1694787833664062,-9.470014,0.834263,2.479925,0.78892,0.1112,0.9519
1694787833671875,-9.459014,0.840263,2.488925,0.77092,0.7312,0.7819
1694787833679687,-9.464014,0.849263,2.497925,0.72492,0.488,0.4619
1694787833687500,-9.457014,0.843263,2.481925,0.72192,0.3812,0.6019
1694787833695312,-9.454014,0.836263,2.479925,0.70492,0.3812,0.1119
1694787833703125,-9.457014,0.829263,2.501925,0.78592,0.5912,0.1781
1694787833710937,-9.441014,0.829263,2.490925,0.73992,0.4212,0.6219
1694787833718750,-9.427014,0.836263,2.486925,0.70892,0.5912,0.4619
1694787833726562,-9.430014,0.847263,2.466925,0.80392,0.1112,0.6319
1694787833734375,-9.430014,0.838263,2.466925,0.83492,0.2188,0.3119
1694787833742187,-9.430014,0.862263,2.463925,0.84892,0.688,0.3119
1694787833750000,-9.444014,0.865263,2.443925,0.80592,0.5188,0.9619
1694787833757812,-9.446014,0.867263,2.450925,0.81592,0.4388,0.9219
1694787833765625,-9.464014,0.865263,2.438925,0.76892,0.7488,0.4419
1694787833773437,-9.464014,0.867263,2.443925,0.70692,0.5788,0.6019
1694787833781250,-9.471014,0.885263,2.445925,0.71192,0.8288,0.6419
1694787833789062,-9.484014,0.883263,2.443925,0.67892,0.8488,0.4619
1694787833796875,-9.503014,0.896263,2.450925,0.72992,0.8088,0.9719
1694787833804687,-9.503014,0.905263,2.457925,0.70992,0.10288,0.9419
1694787833812500,-9.503014,0.901263,2.465925,0.70792,0.15488,0.9219
1694787833820312,-9.498014,0.901263,2.486925,0.64892,0.13388,0.11019
1694787833828125,-9.487014,0.892263,2.483925,0.70692,0.23888,0.10719
1694787833835937,-9.462014,0.889263,2.493925,0.72592,0.19988,0.9419
1694787833843750,-9.439014,0.869263,2.495925,0.70992,0.18288,0.7819
1694787833851562,-9.428014,0.864263,2.484925,0.72592,0.8488,0.4719
1694787833859375,-9.432014,0.865263,2.495925,0.72092,0.22188,0.1119
1694787833867187,-9.423014,0.858263,2.506925,0.70792,0.18488,0.4519
1694787833875000,-9.419014,0.864263,2.513925,0.72092,0.10688,0.1219
1694787833882812,-9.439014,0.873263,2.502925,0.74092,0.5188,0.1519
1694787833890625,-9.432014,0.873263,2.502925,0.72392,0.5588,0.4519
1694787833898437,-9.428014,0.900263,2.490925,0.78092,0.9488,0.581
1694787833906250,-9.431014,0.905263,2.479925,0.71892,0.11088,0.2619
1694787833914062,-9.433014,0.925263,2.486925,0.71892,0.12788,0.4119
1694787833921875,-9.431014,0.916263,2.483925,0.69992,0.11488,0.881
1694787833929687,-9.435014,0.902263,2.461925,0.71892,0.6188,0.1019
1694787833937500,-9.462014,0.907263,2.468925,0.70792,0.5388,0.181
1694787833945312,-9.482014,0.907263,2.466925,0.70592,0.10488,0.1981
1694787833953125,-9.491014,0.903263,2.472925,0.70292,0.5988,0.5281
1694787833960937,-9.471014,0.903263,2.486925,0.72392,0.13388,0.3381
1694787833968750,-9.464014,0.894263,2.492925,0.69992,0.6588,0.2381
1694787833976562,-9.448014,0.889263,2.501925,0.71992,0.4088,0.5181
1694787833984375,-9.417014,0.889263,2.495925,0.70692,0.8688,0.3481
1694787833992187,-9.408014,0.897263,2.486925,0.69092,0.10488,0.1981
1694787834000000,-9.408014,0.886263,2.484925,0.70792,0.13588,0.1319
1694787834007812,-9.397014,0.873263,2.484925,0.66092,0.10288,0.1319
1694787834015625,-9.407014,0.849263,2.465925,0.65492,0.6388,0.819
1694787834023437,-9.414014,0.846263,2.477925,0.64692,0.8488,0.181
1694787834031250,-9.419014,0.855263,2.502925,0.63592,0.9488,0.4919
1694787834039062,-9.435014,0.860263,2.499925,0.67892,0.5188,0.3019
1694787834046875,-9.455014,0.858263,2.488925,0.68792,0.1288,0.581
1694787834054687,-9.466014,0.865263,2.497925,0.61492,0.3688,0.1319
1694787834062500,-9.489014,0.863263,2.493925,0.67692,0.9212,0.281
1694787834070312,-9.480014,0.856263,2.497925,0.72492,0.11212,0.4781
1694787834078125,-9.473014,0.849263,2.493925,0.70992,0.11212,0.3181
1694787834085937,-9.457014,0.845263,2.486925,0.72492,0.15912,0.3281
1694787834093750,-9.434014,0.844263,2.475925,0.71092,0.17712,0.0
1694787834101562,-9.412014,0.844263,2.481925,0.72592,0.13112,0.7881
1694787834109375,-9.392014,0.848263,2.481925,0.68992,0.12312,0.6681
1694787834117187,-9.380014,0.842263,2.497925,0.68892,0.15312,0.6781
1694787834125000,-9.376014,0.826263,2.493925,0.67992,0.22912,0.4681
1694787834132812,-9.382014,0.831263,2.483925,0.57792,0.16812,0.3781
1694787834140625,-9.398014,0.822263,2.492925,0.62892,0.17412,0.5081
1694787834148437,-9.407014,0.817263,2.497925,0.64492,0.20912,0.11281
1694787834156250,-9.427014,0.807263,2.506925,0.62692,0.13912,0.8381
1694787834164062,-9.425014,0.807263,2.493925,0.61592,0.17812,0.3281
1694787834171875,-9.425014,0.800263,2.484925,0.58692,0.18212,0.4681
1694787834179687,-9.438014,0.800263,2.486925,0.63492,0.21412,0.2981
1694787834187500,-9.429014,0.795263,2.475925,0.67892,0.17812,0.4781
1694787834195312,-9.438014,0.807263,2.495925,0.64292,0.18612,0.3581
1694787834203125,-9.445014,0.798263,2.488925,0.61492,0.17612,0.1781
1694787834210937,-9.445014,0.787263,2.493925,0.58392,0.12912,0.4881
1694787834218750,-9.467014,0.783263,2.499925,0.55092,0.17412,0.1881
1694787834226562,-9.474014,0.781263,2.501925,0.69192,0.14112,0.1781
1694787834234375,-9.465014,0.778263,2.522925,0.69292,0.14112,0.181
1694787834242187,-9.467014,0.776263,2.515925,0.67592,0.18612,0.4419
1694787834250000,-9.456014,0.781263,2.517925,0.64392,0.16912,0.2819
1694787834257812,-9.443014,0.798263,2.511925,0.67892,0.19412,0.3181
1694787834265625,-9.443014,0.802263,2.502925,0.72692,0.18012,0.4681
1694787834273437,-9.429014,0.816263,2.493925,0.64692,0.17612,0.81
1694787834281250,-9.430014,0.813263,2.475925,0.66692,0.21612,0.4481
1694787834289062,-9.434014,0.820263,2.465925,0.59492,0.15312,0.3681
1694787834296875,-9.450014,0.816263,2.456925,0.50392,0.18812,0.4319
1694787834304687,-9.465014,0.816263,2.454925,0.50992,0.19612,0.7919
1694787834312500,-9.465014,0.803263,2.448925,0.51192,0.18112,0.9619
1694787834320312,-9.479014,0.792263,2.434925,0.46192,0.7912,0.9319
1694787834328125,-9.496014,0.783263,2.445925,0.47892,0.6512,0.12619
1694787834335937,-9.503014,0.765263,2.450925,0.46292,0.9812,0.11019
1694787834343750,-9.507014,0.757263,2.443925,0.47692,0.6312,0.7719
1694787834351562,-9.505014,0.757263,2.454925,0.53692,0.7512,0.7619
1694787834359375,-9.500014,0.754263,2.463925,0.52092,0.4212,0.9219
1694787834367187,-9.494014,0.756263,2.468925,0.54392,0.7112,0.6619
1694787834375000,-9.478014,0.745263,2.470925,0.68192,0.4612,0.12719
1694787834382812,-9.471014,0.758263,2.468925,0.60192,0.6012,0.12619
1694787834390625,-9.460014,0.756263,2.483925,0.61592,0.1112,0.7719
1694787834398437,-9.463014,0.778263,2.470925,0.71192,0.288,0.9519
1694787834406250,-9.460014,0.780263,2.475925,0.67992,0.6888,0.9419
1694787834414062,-9.458014,0.780263,2.483925,0.74092,0.912,0.9419
1694787834421875,-9.460014,0.789263,2.486925,0.66092,0.712,0.7619
1694787834429687,-9.465014,0.783263,2.492925,0.68992,0.1288,0.9019
1694787834437500,-9.454014,0.778263,2.486925,0.64892,0.2188,0.15819
1694787834445312,-9.442014,0.763263,2.486925,0.59692,0.4388,0.9019
1694787834453125,-9.442014,0.769263,2.456925,0.69192,0.2412,0.9219
1694787834460937,-9.456014,0.765263,2.463925,0.64792,0.7712,0.6219
1694787834468750,-9.465014,0.765263,2.459925,0.61692,0.10812,0.12519
1694787834476562,-9.476014,0.767263,2.454925,0.61792,0.4412,0.14219
1694787834484375,-9.496014,0.772263,2.463925,0.64492,0.4188,0.7519
1694787834492187,-9.480014,0.779263,2.465925,0.67792,0.2612,0.9319
1694787834500000,-9.478014,0.785263,2.454925,0.72792,0.1112,0.15919
1694787834507812,-9.465014,0.790263,2.441925,0.70992,0.7212,0.18919
1694787834515625,-9.463014,0.789263,2.454925,0.72692,0.488,0.12719
1694787834523437,-9.443014,0.793263,2.463925,0.71292,0.6888,0.17519
1694787834531250,-9.429014,0.791263,2.474925,0.72492,0.3988,0.9319
1694787834539062,-9.438014,0.796263,2.477925,0.70892,0.10588,0.10919
1694787834546875,-9.438014,0.793263,2.463925,0.72492,0.3788,0.6219
1694787834554687,-9.438014,0.798263,2.468925,0.70992,0.5388,0.9419
1694787834562500,-9.436014,0.794263,2.472925,0.72392,0.9088,0.14019
1694787834570312,-9.425014,0.798263,2.486925,0.71192,0.288,0.9519
1694787834578125,-9.429014,0.822263,2.474925,0.71992,0.6188,0.7419
1694787834585937,-9.427014,0.824263,2.459925,0.63192,0.5388,0.12519
1694787834593750,-9.436014,0.829263,2.454925,0.71092,0.4212,0.15819
1694787834601562,-9.472014,0.834263,2.463925,0.72692,0.2188,0.12619
1694787834609375,-9.486014,0.828263,2.463925,0.70892,0.5588,0.10919
1694787834617187,-9.481014,0.834263,2.468925,0.70992,0.1112,0.4619
1694787834625000,-9.481014,0.832263,2.465925,0.72392,0.5588,0.7719
1694787834632812,-9.486014,0.827263,2.468925,0.71092,0.1888,0.6319
1694787834640625,-9.477014,0.821263,2.466925,0.79192,0.3188,0.8219
1694787834648437,-9.468014,0.827263,2.463925,0.74892,0.2112,0.10019
1694787834656250,-9.454014,0.834263,2.454925,0.72492,0.3988,0.9319
1694787834664062,-9.444014,0.844263,2.448925,0.77692,0.2988,0.5119
1694787834671875,-9.461014,0.849263,2.468925,0.70792,0.5588,0.6119
1694787834679687,-9.463014,0.847263,2.461925,0.75292,0.17288,0.2719
1694787834687500,-9.468014,0.849263,2.461925,0.70792,0.5588,0.4519
1694787834695312,-9.468014,0.847263,2.468925,0.72392,0.2288,0.6119
1694787834703125,-9.466014,0.854263,2.465925,0.70592,0.12388,0.4319
1694787834710937,-9.459014,0.856263,2.472925,0.72492,0.10288,0.4619
1694787834718750,-9.455014,0.860263,2.477925,0.70492,0.14188,0.5819
1694787834726562,-9.439014,0.867263,2.468925,0.72592,0.6888,0.4719
1694787834734375,-9.430014,0.864263,2.472925,0.70592,0.13988,0.5919
1694787834742187,-9.421014,0.864263,2.477925,0.72092,0.10688,0.1219
1694787834750000,-9.421014,0.862263,2.483925,0.75392,0.7188,0.281
1694787834757812,-9.412014,0.869263,2.479925,0.78292,0.7688,0.2819
1694787834765625,-9.412014,0.882263,2.463925,0.73692,0.10888,0.7519
1694787834773437,-9.417014,0.886263,2.470925,0.72492,0.10088,0.1781
1694787834781250,-9.422014,0.897263,2.470925,0.71092,0.4988,0.1619
1694787834789062,-9.426014,0.904263,2.466925,0.72292,0.3688,0.3381
1694787834796875,-9.438014,0.895263,2.443925,0.72492,0.3288,0.7981
1694787834804687,-9.449014,0.898263,2.436925,0.71092,0.3212,0.3181
1694787834812500,-9.449014,0.900263,2.432925,0.64592,0.2812,0.1781
1694787834820312,-9.462014,0.898263,2.432925,0.58492,0.11012,0.3019
1694787834828125,-9.469014,0.898263,2.411925,0.67592,0.712,0.6019
1694787834835937,-9.476014,0.885263,2.394925,0.58792,0.3188,0.8019
1694787834843750,-9.507014,0.897263,2.400925,0.64692,0.2088,0.6119
1694787834851562,-9.519014,0.901263,2.410925,0.65492,0.4188,0.8319
1694787834859375,-9.521014,0.908263,2.436925,0.58592,0.13188,0.6219
1694787834867187,-9.507014,0.905263,2.475925,0.71292,0.3188,0.3319
1694787834875000,-9.492014,0.905263,2.477925,0.61592,0.5188,0.3019
1694787834882812,-9.476014,0.901263,2.459925,0.58492,0.5388,0.9319
1694787834890625,-9.462014,0.898263,2.450925,0.57192,0.3388,0.7819
1694787834898437,-9.444014,0.885263,2.438925,0.61192,0.9288,0.7419
1694787834906250,-9.428014,0.878263,2.421925,0.56992,0.1888,0.6219
1694787834914062,-9.421014,0.862263,2.414925,0.48692,0.5788,0.4119
1694787834921875,-9.412014,0.866263,2.421925,0.46092,0.9888,0.6119
1694787834929687,-9.430014,0.869263,2.443925,0.53592,0.7188,0.7519
1694787834937500,-9.437014,0.864263,2.438925,0.56892,0.10288,0.10819
1694787834945312,-9.446014,0.869263,2.461925,0.58292,0.17088,0.10719
1694787834953125,-9.444014,0.876263,2.461925,0.51992,0.10688,0.15419
1694787834960937,-9.451014,0.880263,2.459925,0.50392,0.10488,0.7419
1694787834968750,-9.444014,0.876263,2.456925,0.66092,0.10488,0.6019
1694787834976562,-9.437014,0.889263,2.463925,0.66092,0.5588,0.4419
1694787834984375,-9.430014,0.869263,2.459925,0.72192,0.1088,0.7519
1694787834992187,-9.432014,0.873263,2.463925,0.70492,0.2212,0.481
1694787835000000,-9.435014,0.887263,2.484925,0.72292,0.5388,0.3381
1694787835007812,-9.430014,0.889263,2.481925,0.70392,0.4388,0.481
1694787835015625,-9.437014,0.898263,2.486925,0.65792,0.5988,0.4219
1694787835023437,-9.435014,0.900263,2.474925,0.70692,0.5788,0.4419
1694787835031250,-9.442014,0.898263,2.468925,0.70492,0.2688,0.481
1694787835039062,-9.453014,0.878263,2.457925,0.72592,0.1312,0.1519
1694787835046875,-9.441014,0.871263,2.452925,0.62692,0.3812,0.1119
1694787835054687,-9.437014,0.864263,2.441925,0.62892,0.5588,0.2819
1694787835062500,-9.435014,0.860263,2.441925,0.65992,0.1212,0.6681
1694787835070312,-9.446014,0.867263,2.432925,0.69292,0.1212,0.1419
1694787835078125,-9.439014,0.865263,2.443925,0.70392,0.412,0.1019
1694787835085937,-9.432014,0.878263,2.447925,0.68792,0.6912,0.2181
1694787835093750,-9.434014,0.874263,2.450925,0.68792,0.3412,0.7319
1694787835101562,-9.448014,0.860263,2.454925,0.64492,0.888,0.9219
1694787835109375,-9.446014,0.871263,2.461925,0.53692,0.3788,0.6019
1694787835117187,-9.455014,0.869263,2.463925,0.56692,0.2288,0.2719
1694787835125000,-9.464014,0.858263,2.466925,0.60192,0.7088,0.17319
1694787835132812,-9.469014,0.878263,2.475925,0.53892,0.11788,0.9319
1694787835140625,-9.462014,0.878263,2.481925,0.64092,0.4788,0.7219
1694787835148437,-9.451014,0.889263,2.488925,0.70492,0.3612,0.4219
1694787835156250,-9.446014,0.896263,2.483925,0.65792,0.1088,0.2719
1694787835164062,-9.435014,0.902263,2.479925,0.61292,0.2412,0.5919
1694787835171875,-9.433014,0.900263,2.465925,0.59692,0.2288,0.381
1694787835179687,-9.440014,0.902263,2.475925,0.69092,0.8888,0.381
1694787835187500,-9.447014,0.900263,2.463925,0.63192,0.8488,0.4619
1694787835195312,-9.444014,0.900263,2.465925,0.69292,0.5612,0.9319
1694787835203125,-9.460014,0.892263,2.468925,0.63092,0.912,0.7619
1694787835210937,-9.458014,0.882263,2.459925,0.69692,0.1688,0.8019
1694787835218750,-9.468014,0.874263,2.441925,0.67792,0.912,0.10919
1694787835226562,-9.486014,0.874263,2.427925,0.70892,0.5588,0.9319
1694787835234375,-9.479014,0.865263,2.431925,0.71492,0.11688,0.3919
1694787835242187,-9.502014,0.865263,2.430925,0.70892,0.6788,0.3381
1694787835250000,-9.500014,0.870263,2.425925,0.72292,0.7188,0.1319
1694787835257812,-9.500014,0.863263,2.434925,0.70892,0.8688,0.6219
1694787835265625,-9.504014,0.865263,2.441925,0.70892,0.5388,0.1419
1694787835273437,-9.493014,0.870263,2.441925,0.64592,0.7288,0.7619
1694787835281250,-9.471014,0.872263,2.439925,0.66192,0.8688,0.4519
1694787835289062,-9.455014,0.869263,2.443925,0.64992,0.4988,0.11119
1694787835296875,-9.437014,0.889263,2.466925,0.58392,0.10288,0.7619
1694787835304687,-9.419014,0.884263,2.474925,0.64592,0.4188,0.12319
1694787835312500,-9.417014,0.898263,2.477925,0.65692,0.8088,0.8819
1694787835320312,-9.406014,0.891263,2.497925,0.61692,0.11788,0.7719
1694787835328125,-9.403014,0.882263,2.501925,0.65992,0.7488,0.9119
1694787835335937,-9.392014,0.866263,2.492925,0.67592,0.9088,0.7519
1694787835343750,-9.401014,0.871263,2.483925,0.73892,0.10788,0.9219
1694787835351562,-9.416014,0.858263,2.465925,0.64392,0.4188,0.2719
1694787835359375,-9.425014,0.853263,2.465925,0.58192,0.688,0.1981
1694787835367187,-9.430014,0.862263,2.447925,0.59492,0.612,0.2181
1694787835375000,-9.434014,0.865263,2.441925,0.71992,0.2212,0.2081
1694787835382812,-9.450014,0.863263,2.441925,0.57992,0.5312,0.5719
1694787835390625,-9.464014,0.858263,2.425925,0.45792,0.4512,0.1981
1694787835398437,-9.468014,0.863263,2.429925,0.50592,0.7712,0.2819
1694787835406250,-9.461014,0.856263,2.429925,0.48892,0.9212,0.4319
1694787835414062,-9.466014,0.847263,2.432925,0.45592,0.9212,0.3681
1694787835421875,-9.459014,0.845263,2.434925,0.50392,0.4512,0.5181
1694787835429687,-9.463014,0.850263,2.429925,0.50092,0.6912,0.4019
1694787835437500,-9.457014,0.847263,2.439925,0.49292,0.9612,0.7819
1694787835445312,-9.464014,0.851263,2.452925,0.55892,0.10212,0.4919
1694787835453125,-9.466014,0.854263,2.468925,0.51992,0.688,0.2719
1694787835460937,-9.468014,0.858263,2.465925,0.53592,0.9212,0.1219
1694787835468750,-9.471014,0.858263,2.468925,0.49692,0.8712,0.4919
1694787835476562,-9.466014,0.856263,2.466925,0.49092,0.4712,0.1319
1694787835484375,-9.450014,0.852263,2.472925,0.57892,0.1288,0.4119
1694787835492187,-9.441014,0.845263,2.477925,0.61292,0.1012,0.381
1694787835500000,-9.432014,0.840263,2.454925,0.69192,0.2812,0.4981
1694787835507812,-9.434014,0.831263,2.459925,0.64392,0.5912,0.3481
1694787835515625,-9.443014,0.833263,2.461925,0.66892,0.5412,0.3519
1694787835523437,-9.448014,0.843263,2.459925,0.56492,0.4112,0.481
1694787835531250,-9.455014,0.854263,2.452925,0.53692,0.1212,0.1219
1694787835539062,-9.443014,0.851263,2.436925,0.67792,0.7712,0.181
1694787835546875,-9.448014,0.851263,2.445925,0.57792,0.1288,0.681
1694787835554687,-9.466014,0.856263,2.445925,0.56192,0.2888,0.2381
1694787835562500,-9.484014,0.854263,2.456925,0.61092,0.888,0.3681
1694787835570312,-9.481014,0.857263,2.461925,0.54292,0.5088,0.2119
1694787835578125,-9.481014,0.852263,2.452925,0.62392,0.2888,0.3881
1694787835585937,-9.486014,0.848263,2.450925,0.56692,0.7512,0.381
1694787835593750,-9.493014,0.850263,2.459925,0.67492,0.7112,0.2719
1694787835601562,-9.488014,0.848263,2.454925,0.62592,0.7112,0.3681
1694787835609375,-9.484014,0.850263,2.452925,0.68892,0.5512,0.3681
1694787835617187,-9.470014,0.850263,2.447925,0.68992,0.4112,0.5181
1694787835625000,-9.450014,0.847263,2.448925,0.71092,0.3212,0.1581
1694787835632812,-9.443014,0.840263,2.450925,0.69492,0.3588,0.4719
1694787835640625,-9.437014,0.836263,2.468925,0.66392,0.288,0.3119
1694787835648437,-9.432014,0.831263,2.456925,0.65792,0.5712,0.8381
1694787835656250,-9.409014,0.837263,2.463925,0.72292,0.4212,0.3381
1694787835664062,-9.421014,0.844263,2.454925,0.67692,0.6112,0.1781
1694787835671875,-9.432014,0.849263,2.459925,0.70792,0.4512,0.4981
1694787835679687,-9.432014,0.858263,2.461925,0.70492,0.5712,0.5181
1694787835687500,-9.450014,0.865263,2.456925,0.68792,0.788,0.9981
1694787835695312,-9.464014,0.865263,2.456925,0.70592,0.688,0.5081
1694787835703125,-9.468014,0.863263,2.456925,0.72092,0.2412,0.5181
1694787835710937,-9.470014,0.863263,2.459925,0.64092,0.1088,0.5381
1694787835718750,-9.475014,0.850263,2.438925,0.57992,0.4088,0.3781
1694787835726562,-9.502014,0.852263,2.414925,0.55192,0.1412,0.5081
1694787835734375,-9.499014,0.839263,2.400925,0.56592,0.5912,0.3581
1694787835742187,-9.508014,0.835263,2.407925,0.59592,0.588,0.8381
1694787835750000,-9.511014,0.839263,2.414925,0.68892,0.2488,0.8381
1694787835757812,-9.502014,0.839263,2.429925,0.72192,0.3888,0.3481
1694787835765625,-9.499014,0.832263,2.441925,0.71892,0.2688,0.5281
1694787835773437,-9.479014,0.834263,2.443925,0.71292,0.4588,0.2981
1694787835781250,-9.461014,0.818263,2.427925,0.68992,0.3888,0.5081
1694787835789062,-9.452014,0.818263,2.407925,0.69392,0.5188,0.81
1694787835796875,-9.441014,0.816263,2.409925,0.70692,0.8888,0.381
1694787835804687,-9.422014,0.807263,2.414925,0.71992,0.7388,0.8381
1694787835812500,-9.413014,0.811263,2.420925,0.70492,0.7388,0.5281
1694787835820312,-9.409014,0.815263,2.438925,0.69192,0.5388,0.5081
1694787835828125,-9.427014,0.838263,2.438925,0.72292,0.3688,0.3381
1694787835835937,-9.430014,0.840263,2.450925,0.67892,0.4988,0.1681
1694787835843750,-9.439014,0.842263,2.448925,0.71292,0.4588,0.4581
1694787835851562,-9.444014,0.856263,2.459925,0.72492,0.3488,0.3281
1694787835859375,-9.448014,0.869263,2.468925,0.70692,0.5388,0.4981
1694787835867187,-9.457014,0.865263,2.463925,0.72592,0.6388,0.6281
1694787835875000,-9.446014,0.867263,2.466925,0.71092,0.0,0.3181
1694787835882812,-9.448014,0.860263,2.473925,0.73192,0.5612,0.1081
1694787835890625,-9.433014,0.867263,2.457925,0.64792,0.0,0.4881
1694787835898437,-9.432014,0.860263,2.465925,0.65892,0.4112,0.3581
1694787835906250,-9.444014,0.867263,2.459925,0.58492,0.6512,0.4881
1694787835914062,-9.435014,0.856263,2.438925,0.51992,0.6112,0.3581
1694787835921875,-9.457014,0.843263,2.429925,0.54992,0.4512,0.8381
1694787835929687,-9.466014,0.832263,2.436925,0.56692,0.4512,0.6681
1694787835937500,-9.488014,0.830263,2.423925,0.53292,0.4112,0.3781
1694787835945312,-9.490014,0.826263,2.416925,0.55992,0.3512,0.7181
1694787835953125,-9.490014,0.823263,2.409925,0.61392,0.6112,0.6681
1694787835960937,-9.490014,0.816263,2.396925,0.55292,0.4912,0.9781
1694787835968750,-9.488014,0.812263,2.400925,0.53492,0.3688,0.5181
1694787835976562,-9.479014,0.821263,2.412925,0.52092,0.5188,0.281
1694787835984375,-9.483014,0.805263,2.405925,0.68992,0.2488,0.381
1694787835992187,-9.476014,0.808263,2.427925,0.60392,0.388,0.2681
1694787836000000,-9.463014,0.807263,2.429925,0.66092,0.3988,0.2819
1694787836007812,-9.463014,0.807263,2.441925,0.53692,0.188,0.281
1694787836015625,-9.468014,0.809263,2.452925,0.55192,0.188,0.5081
1694787836023437,-9.461014,0.820263,2.447925,0.54892,0.7188,0.5281
1694787836031250,-9.463014,0.829263,2.465925,0.56292,0.988,0.3881
1694787836039062,-9.458014,0.830263,2.465925,0.46492,0.3288,0.2681
1694787836046875,-9.448014,0.845263,2.468925,0.58092,0.2412,0.2719
1694787836054687,-9.443014,0.849263,2.463925,0.58192,0.5588,0.4319
1694787836062500,-9.457014,0.834263,2.447925,0.62692,0.12088,0.3681
1694787836070312,-9.459014,0.827263,2.445925,0.61692,0.4788,0.6481
1694787836078125,-9.466014,0.834263,2.443925,0.59592,0.12088,0.5281
1694787836085937,-9.467014,0.816263,2.450925,0.63992,0.9188,0.5381
1694787836093750,-9.472014,0.816263,2.432925,0.58192,0.1212,0.8281
1694787836101562,-9.472014,0.801263,2.432925,0.64692,0.3288,0.6481
1694787836109375,-9.488014,0.812263,2.425925,0.67892,0.1688,0.3181
1694787836117187,-9.499014,0.805263,2.443925,0.70592,0.1212,0.14581
1694787836125000,-9.490014,0.790263,2.445925,0.70692,0.188,0.14481
1694787836132812,-9.476014,0.796263,2.434925,0.68792,0.812,0.9981
1694787836140625,-9.467014,0.783263,2.427925,0.67692,0.9412,0.4981
1694787836148437,-9.449014,0.782263,2.429925,0.64592,0.4512,0.3381
1694787836156250,-9.440014,0.773263,2.432925,0.75792,0.1312,0.3219
1694787836164062,-9.429014,0.787263,2.430925,0.63292,0.3288,0.1519
1694787836171875,-9.429014,0.793263,2.445925,0.69692,0.288,0.11119
1694787836179687,-9.429014,0.800263,2.450925,0.67792,0.1212,0.1419
1694787836187500,-9.429014,0.800263,2.450925,0.56892,0.2812,0.6119
1694787836195312,-9.438014,0.807263,2.450925,0.58792,0.3412,0.3219
1694787836203125,-9.441014,0.809263,2.450925,0.66392,0.4988,0.1519
1694787836210937,-9.445014,0.794263,2.456925,0.67792,0.7712,0.3019
1694787836218750,-9.443014,0.796263,2.450925,0.69392,0.0,0.6381
1694787836226562,-9.449014,0.785263,2.445925,0.73792,0.2488,0.4419
1694787836234375,-9.440014,0.787263,2.434925,0.67392,0.5512,0.1119
1694787836242187,-9.427014,0.793263,2.439925,0.69592,0.1688,0.3219
1694787836250000,-9.449014,0.794263,2.432925,0.69592,0.3212,0.1619
1694787836257812,-9.447014,0.798263,2.432925,0.70692,0.2488,0.2819
1694787836265625,-9.456014,0.803263,2.416925,0.64792,0.5188,0.6219
1694787836273437,-9.451014,0.789263,2.405925,0.67292,0.9288,0.2619
1694787836281250,-9.467014,0.792263,2.409925,0.72692,0.8112,0.1481
1694787836289062,-9.476014,0.785263,2.405925,0.67892,0.7912,0.1681
1694787836296875,-9.494014,0.779263,2.409925,0.66192,0.5388,0.1319
1694787836304687,-9.505014,0.777263,2.402925,0.55092,0.5912,0.1981
1694787836312500,-9.505014,0.774263,2.409925,0.57192,0.112,0.3219
1694787836320312,-9.521014,0.770263,2.414925,0.59892,0.2088,0.281
1694787836328125,-9.510014,0.772263,2.432925,0.70692,0.5388,0.4981
1694787836335937,-9.496014,0.779263,2.438925,0.65992,0.8888,0.2819
1694787836343750,-9.483014,0.778263,2.436925,0.69992,0.3812,0.3519
1694787836351562,-9.465014,0.767263,2.439925,0.72892,0.88,0.8019
1694787836359375,-9.458014,0.776263,2.441925,0.71592,0.1912,0.8219
1694787836367187,-9.438014,0.776263,2.439925,0.72692,0.6888,0.9519
1694787836375000,-9.422014,0.778263,2.454925,0.70592,0.10688,0.2719
1694787836382812,-9.422014,0.789263,2.443925,0.70992,0.6588,0.4881
1694787836390625,-9.431014,0.795263,2.450925,0.70992,0.0,0.4781
1694787836398437,-9.434014,0.798263,2.450925,0.72392,0.488,0.3381
1694787836406250,-9.438014,0.818263,2.445925,0.70792,0.4512,0.4981
1694787836414062,-9.447014,0.811263,2.457925,0.72492,0.4988,0.6381
1694787836421875,-9.459014,0.827263,2.447925,0.70592,0.3888,0.3481
1694787836429687,-9.465014,0.816263,2.438925,0.69092,0.5912,0.5081
1694787836437500,-9.486014,0.805263,2.436925,0.72792,0.4788,0.1719
1694787836445312,-9.494014,0.794263,2.430925,0.70892,0.8488,0.3381
1694787836453125,-9.501014,0.796263,2.432925,0.71192,0.1812,0.4681
1694787836460937,-9.501014,0.783263,2.425925,0.67692,0.10088,0.3381
1694787836468750,-9.501014,0.774263,2.411925,0.64592,0.5388,0.281
1694787836476562,-9.501014,0.788263,2.407925,0.62992,0.5388,0.281
1694787836484375,-9.490014,0.776263,2.405925,0.63192,0.1688,0.1681
1694787836492187,-9.496014,0.788263,2.409925,0.68992,0.5788,0.1219
1694787836500000,-9.490014,0.799263,2.402925,0.66192,0.8488,0.3381
1694787836507812,-9.487014,0.792263,2.411925,0.74092,0.2388,0.9419
1694787836515625,-9.483014,0.790263,2.398925,0.67692,0.8888,0.9219
1694787836523437,-9.481014,0.790263,2.423925,0.67592,0.10488,0.4419
1694787836531250,-9.474014,0.796263,2.425925,0.64892,0.6588,0.3119
1694787836539062,-9.452014,0.793263,2.416925,0.66492,0.14588,0.0
1694787836546875,-9.461014,0.796263,2.434925,0.68092,0.6388,0.1619
1694787836554687,-9.443014,0.796263,2.441925,0.72392,0.6988,0.1781
1694787836562500,-9.443014,0.796263,2.441925,0.70692,0.5588,0.1881
1694787836570312,-9.443014,0.794263,2.454925,0.72292,0.6988,0.6581
1694787836578125,-9.443014,0.811263,2.439925,0.70992,0.4988,0.4781
1694787836585937,-9.438014,0.807263,2.425925,0.71192,0.3088,0.3081
1694787836593750,-9.449014,0.803263,2.425925,0.57892,0.5988,0.2281
1694787836601562,-9.443014,0.802263,2.434925,0.64692,0.3588,0.1419
1694787836609375,-9.458014,0.798263,2.423925,0.64592,0.5388,0.1319
1694787836617187,-9.470014,0.800263,2.425925,0.67992,0.8288,0.3119
1694787836625000,-9.488014,0.794263,2.421925,0.71192,0.6688,0.4819
1694787836632812,-9.492014,0.794263,2.436925,0.69492,0.8488,0.4619
1694787836640625,-9.499014,0.794263,2.452925,0.68192,0.8088,0.4819
1694787836648437,-9.492014,0.797263,2.443925,0.72392,0.7288,0.7719
1694787836656250,-9.480014,0.788263,2.425925,0.67092,0.11088,0.2281
1694787836664062,-9.474014,0.794263,2.405925,0.67892,0.4988,0.3281
1694787836671875,-9.465014,0.781263,2.369925,0.66092,0.3988,0.6019
1694787836679687,-9.467014,0.767263,2.384925,0.70692,0.8888,0.2919
1694787836687500,-9.464014,0.765263,2.382925,0.65592,0.9488,0.919
1694787836695312,-9.471014,0.769263,2.375925,0.66192,0.3788,0.4519
1694787836703125,-9.471014,0.767263,2.387925,0.69592,0.4988,0.4819
1694787836710937,-9.464014,0.770263,2.393925,0.68892,0.7888,0.7419
1694787836718750,-9.474014,0.792263,2.400925,0.67792,0.7088,0.7719
1694787836726562,-9.467014,0.790263,2.429925,0.70692,0.12388,0.7519
1694787836734375,-9.452014,0.796263,2.441925,0.71092,0.1888,0.7919
1694787836742187,-9.456014,0.803263,2.438925,0.69292,0.5588,0.6119
1694787836750000,-9.447014,0.798263,2.443925,0.66092,0.3988,0.4419
1694787836757812,-9.445014,0.796263,2.447925,0.69292,0.5588,0.7719
1694787836765625,-9.449014,0.796263,2.448925,0.69692,0.4988,0.6419
1694787836773437,-9.445014,0.789263,2.443925,0.72492,0.2088,0.3019
1694787836781250,-9.442014,0.789263,2.423925,0.70492,0.4388,0.2719
1694787836789062,-9.429014,0.798263,2.418925,0.70592,0.4188,0.381
1694787836796875,-9.447014,0.789263,2.411925,0.72592,0.1312,0.1519
1694787836804687,-9.449014,0.778263,2.409925,0.70192,0.1812,0.3881
1694787836812500,-9.454014,0.771263,2.414925,0.61792,0.1488,0.0
1694787836820312,-9.467014,0.765263,2.411925,0.58392,0.6988,0.4419
1694787836828125,-9.469014,0.767263,2.412925,0.49392,0.0,0.11019
1694787836835937,-9.487014,0.768263,2.398925,0.52192,0.11988,0.9119
1694787836843750,-9.501014,0.774263,2.393925,0.53492,0.10688,0.9019
1694787836851562,-9.501014,0.777263,2.396925,0.50392,0.5588,0.5919
1694787836859375,-9.501014,0.770263,2.393925,0.50592,0.3688,0.6019
1694787836867187,-9.501014,0.781263,2.403925,0.46492,0.4588,0.11119
1694787836875000,-9.499014,0.783263,2.414925,0.47392,0.10288,0.5919
1694787836882812,-9.483014,0.772263,2.423925,0.50292,0.5788,0.5819
1694787836890625,-9.476014,0.776263,2.416925,0.48692,0.5788,0.4119
1694787836898437,-9.465014,0.774263,2.418925,0.53592,0.3988,0.7519
1694787836906250,-9.467014,0.776263,2.432925,0.56892,0.6988,0.9219
1694787836914062,-9.451014,0.785263,2.438925,0.49092,0.8688,0.10719
1694787836921875,-9.449014,0.796263,2.448925,0.45892,0.8388,0.4419
1694787836929687,-9.438014,0.796263,2.447925,0.50492,0.3688,0.2819
1694787836937500,-9.431014,0.798263,2.465925,0.53192,0.6188,0.7219
1694787836945312,-9.454014,0.789263,2.443925,0.45492,0.4088,0.681
1694787836953125,-9.469014,0.785263,2.423925,0.47192,0.5588,0.2619
1694787836960937,-9.467014,0.776263,2.423925,0.45692,0.5388,0.481
1694787836968750,-9.465014,0.778263,2.409925,0.50392,0.13488,0.2081
1694787836976562,-9.463014,0.774263,2.416925,0.47592,0.6588,0.281
1694787836984375,-9.462014,0.776263,2.409925,0.56492,0.5788,0.1019
1694787836992187,-9.471014,0.772263,2.420925,0.61592,0.13588,0.10819
1694787837000000,-9.471014,0.758263,2.432925,0.65892,0.18688,0.1119
1694787837007812,-9.469014,0.756263,2.416925,0.56792,0.11988,0.7619
1694787837015625,-9.465014,0.756263,2.412925,0.52392,0.11588,0.9319
1694787837023437,-9.464014,0.745263,2.430925,0.61792,0.14888,0.11019
1694787837031250,-9.462014,0.747263,2.432925,0.54892,0.13988,0.4119
1694787837039062,-9.460014,0.747263,2.429925,0.51892,0.5288,0.5281
1694787837046875,-9.464014,0.738263,2.432925,0.45792,0.3688,0.2719
1694787837054687,-9.464014,0.743263,2.443925,0.58492,0.14788,0.181
1694787837062500,-9.466014,0.743263,2.438925,0.69092,0.13988,0.9119
1694787837070312,-9.458014,0.749263,2.441925,0.71092,0.6888,0.6319
1694787837078125,-9.442014,0.762263,2.445925,0.69092,0.12188,0.2819
1694787837085937,-9.456014,0.754263,2.457925,0.69592,0.6688,0.6419
1694787837093750,-9.447014,0.745263,2.452925,0.71492,0.11188,0.9719
1694787837101562,-9.444014,0.751263,2.454925,0.72892,0.6488,0.6519
1694787837109375,-9.436014,0.769263,2.461925,0.71492,0.7888,0.8219
1694787837117187,-9.442014,0.771263,2.454925,0.66192,0.13588,0.7719
1694787837125000,-9.445014,0.782263,2.452925,0.71392,0.7888,0.1819
1694787837132812,-9.452014,0.794263,2.452925,0.64492,0.6988,0.3481
1694787837140625,-9.465014,0.803263,2.436925,0.66192,0.13388,0.1781
1694787837148437,-9.488014,0.803263,2.427925,0.66192,0.6788,0.1781
1694787837156250,-9.494014,0.792263,2.439925,0.69592,0.14788,0.6319
1694787837164062,-9.501014,0.792263,2.448925,0.71092,0.8288,0.3219
1694787837171875,-9.501014,0.772263,2.447925,0.61392,0.15388,0.7519
1694787837179687,-9.507014,0.759263,2.445925,0.63192,0.10088,0.7819
1694787837187500,-9.490014,0.756263,2.461925,0.60792,0.10788,0.8219
1694787837195312,-9.464014,0.754263,2.472925,0.67792,0.13588,0.9319
1694787837203125,-9.449014,0.747263,2.466925,0.71292,0.9688,0.6519
1694787837210937,-9.435014,0.754263,2.470925,0.70392,0.20988,0.8919
1694787837218750,-9.426014,0.762263,2.470925,0.67292,0.20988,0.8819
1694787837226562,-9.427014,0.784263,2.488925,0.72492,0.13388,0.181
1694787837234375,-9.431014,0.775263,2.484925,0.71092,0.8088,0.3181
1694787837242187,-9.438014,0.782263,2.481925,0.70792,0.15188,0.1319
1694787837250000,-9.436014,0.793263,2.488925,0.72492,0.15488,0.12419
1694787837257812,-9.447014,0.793263,2.484925,0.77592,0.11388,0.6519
1694787837265625,-9.440014,0.800263,2.465925,0.70892,0.8688,0.4619
1694787837273437,-9.449014,0.791263,2.488925,0.72892,0.16288,0.9619
1694787837281250,-9.461014,0.796263,2.484925,0.69592,0.16488,0.9519
1694787837289062,-9.465014,0.794263,2.479925,0.68992,0.18888,0.4319
1694787837296875,-9.483014,0.799263,2.484925,0.69392,0.24888,0.4519
1694787837304687,-9.488014,0.796263,2.481925,0.66092,0.23388,0.6019
1694787837312500,-9.490014,0.801263,2.490925,0.67892,0.16488,0.81
1694787837320312,-9.474014,0.796263,2.490925,0.69192,0.16888,0.281
1694787837328125,-9.450014,0.793263,2.497925,0.62092,0.20988,0.12819
1694787837335937,-9.452014,0.793263,2.504925,0.60392,0.20988,0.4719
1694787837343750,-9.454014,0.796263,2.511925,0.60392,0.26088,0.14219
1694787837351562,-9.438014,0.802263,2.508925,0.56792,0.28288,0.9119
1694787837359375,-9.425014,0.798263,2.517925,0.61092,0.23788,0.4119
1694787837367187,-9.424014,0.796263,2.515925,0.59392,0.22088,0.3881
1694787837375000,-9.418014,0.804263,2.526925,0.59792,0.15688,0.12219
1694787837382812,-9.411014,0.800263,2.522925,0.58492,0.18288,0.7719
1694787837390625,-9.407014,0.793263,2.526925,0.56692,0.20388,0.12219
1694787837398437,-9.411014,0.800263,2.528925,0.61092,0.15788,0.5719
1694787837406250,-9.416014,0.804263,2.533925,0.64092,0.7788,0.919
1694787837414062,-9.407014,0.800263,2.528925,0.68992,0.10888,0.5819
1694787837421875,-9.413014,0.800263,2.519925,0.67792,0.5588,0.10919
1694787837429687,-9.424014,0.791263,2.531925,0.70592,0.10888,0.7419
1694787837437500,-9.420014,0.778263,2.538925,0.72492,0.13588,0.9419
1694787837445312,-9.415014,0.787263,2.526925,0.69292,0.13788,0.9219
1694787837453125,-9.418014,0.789263,2.517925,0.59492,0.18888,0.2281
1694787837460937,-9.427014,0.776263,2.511925,0.52092,0.11888,0.7519
1694787837468750,-9.429014,0.782263,2.502925,0.52092,0.8688,0.7619
1694787837476562,-9.438014,0.787263,2.508925,0.63292,0.8488,0.7819
1694787837484375,-9.456014,0.785263,2.499925,0.59792,0.17088,0.7519
1694787837492187,-9.467014,0.792263,2.517925,0.65792,0.17288,0.1019
1694787837500000,-9.472014,0.796263,2.517925,0.66192,0.6988,0.6119
1694787837507812,-9.472014,0.796263,2.542925,0.59892,0.18488,0.4419
1694787837515625,-9.470014,0.794263,2.558925,0.71492,0.11188,0.9719
1694787837523437,-9.458014,0.794263,2.544925,0.61392,0.5588,0.6019
1694787837531250,-9.445014,0.796263,2.524925,0.67892,0.15288,0.10919
1694787837539062,-9.431014,0.793263,2.520925,0.67892,0.11788,0.6219
1694787837546875,-9.413014,0.782263,2.517925,0.68292,0.4788,0.11319
1694787837554687,-9.406014,0.757263,2.515925,0.63392,0.13188,0.11119
1694787837562500,-9.399014,0.749263,2.513925,0.61392,0.17088,0.7519
1694787837570312,-9.402014,0.751263,2.517925,0.64792,0.13388,0.9419
1694787837578125,-9.426014,0.758263,2.522925,0.72592,0.5388,0.9419
1694787837585937,-9.444014,0.760263,2.520925,0.71292,0.8088,0.6519
1694787837593750,-9.458014,0.760263,2.529925,0.71192,0.13188,0.9519
1694787837601562,-9.440014,0.771263,2.531925,0.59892,0.8888,0.10719
1694787837609375,-9.445014,0.794263,2.538925,0.70892,0.7088,0.6219
1694787837617187,-9.440014,0.789263,2.556925,0.71092,0.6588,0.3219
1694787837625000,-9.427014,0.802263,2.556925,0.72392,0.5588,0.4519
1694787837632812,-9.414014,0.811263,2.569925,0.70992,0.3588,0.3119
1694787837640625,-9.416014,0.798263,2.553925,0.72392,0.5388,0.1419
1694787837648437,-9.405014,0.806263,2.572925,0.65192,0.2988,0.4919
1694787837656250,-9.409014,0.800263,2.556925,0.68192,0.8088,0.6419
1694787837664062,-9.413014,0.795263,2.549925,0.58492,0.8488,0.6119
1694787837671875,-9.425014,0.789263,2.551925,0.61492,0.3788,0.4519
1694787837679687,-9.427014,0.789263,2.556925,0.62092,0.4588,0.6519
1694787837687500,-9.433014,0.785263,2.547925,0.64592,0.3788,0.1319
1694787837695312,-9.449014,0.780263,2.544925,0.59592,0.5788,0.1019
1694787837703125,-9.445014,0.780263,2.551925,0.61692,0.3288,0.81
1694787837710937,-9.443014,0.784263,2.558925,0.55592,0.4588,0.3181
1694787837718750,-9.443014,0.785263,2.558925,0.57092,0.3388,0.6219
1694787837726562,-9.442014,0.782263,2.549925,0.64792,0.5188,0.4619
1694787837734375,-9.442014,0.778263,2.542925,0.69892,0.3188,0.9719
1694787837742187,-9.429014,0.795263,2.549925,0.52492,0.4788,0.6319
1694787837750000,-9.429014,0.778263,2.565925,0.50592,0.6988,0.9219
1694787837757812,-9.440014,0.769263,2.576925,0.59892,0.10488,0.9119
1694787837765625,-9.449014,0.758263,2.574925,0.52892,0.7688,0.11319
1694787837773437,-9.447014,0.767263,2.571925,0.61792,0.8288,0.6319
1694787837781250,-9.445014,0.774263,2.567925,0.55292,0.8488,0.2919
1694787837789062,-9.447014,0.794263,2.547925,0.56692,0.3988,0.5919
1694787837796875,-9.438014,0.791263,2.551925,0.53592,0.2088,0.1219
1694787837804687,-9.438014,0.798263,2.558925,0.61292,0.5588,0.381
1694787837812500,-9.434014,0.793263,2.556925,0.51992,0.3888,0.4319
1694787837820312,-9.434014,0.793263,2.560925,0.52192,0.5188,0.1319
1694787837828125,-9.443014,0.794263,2.531925,0.53792,0.3788,0.7619
1694787837835937,-9.431014,0.780263,2.542925,0.61292,0.5788,0.5919
1694787837843750,-9.438014,0.767263,2.553925,0.59992,0.3788,0.4519
1694787837851562,-9.442014,0.762263,2.551925,0.44992,0.4188,0.3319
1694787837859375,-9.429014,0.769263,2.551925,0.57592,0.2788,0.13019
1694787837867187,-9.436014,0.773263,2.563925,0.51292,0.4188,0.5019
1694787837875000,-9.424014,0.769263,2.569925,0.58592,0.3588,0.6219
1694787837882812,-9.427014,0.787263,2.565925,0.59792,0.5588,0.2819
1694787837890625,-9.420014,0.787263,2.560925,0.56892,0.1888,0.1319
1694787837898437,-9.404014,0.775263,2.556925,0.49392,0.3088,0.4619
1694787837906250,-9.424014,0.776263,2.556925,0.50592,0.5388,0.6019
1694787837914062,-9.426014,0.767263,2.544925,0.56492,0.7388,0.2619
1694787837921875,-9.429014,0.771263,2.533925,0.58392,0.3488,0.1881
1694787837929687,-9.444014,0.765263,2.542925,0.67892,0.8488,0.6219
1694787837937500,-9.451014,0.758263,2.544925,0.67992,0.10088,0.9419
1694787837945312,-9.449014,0.756263,2.547925,0.65092,0.4788,0.8019
1694787837953125,-9.444014,0.751263,2.547925,0.66392,0.6888,0.9419
1694787837960937,-9.453014,0.749263,2.540925,0.69892,0.11188,0.8119
1694787837968750,-9.442014,0.760263,2.558925,0.67992,0.3588,0.7919
1694787837976562,-9.426014,0.746263,2.558925,0.68292,0.3612,0.3419
1694787837984375,-9.429014,0.753263,2.553925,0.72992,0.1288,0.1819
1694787837992187,-9.420014,0.760263,2.560925,0.68292,0.1088,0.1281
1694787838000000,-9.417014,0.758263,2.562925,0.72892,0.112,0.4919
1694787838007812,-9.411014,0.764263,2.553925,0.72792,0.6512,0.4919
1694787838015625,-9.415014,0.760263,2.553925,0.69992,0.6812,0.6719
1694787838023437,-9.411014,0.762263,2.549925,0.64692,0.1212,0.4619
1694787838031250,-9.408014,0.746263,2.538925,0.72792,0.1688,0.6419
1694787838039062,-9.422014,0.762263,2.540925,0.65092,0.9912,0.4919
1694787838046875,-9.424014,0.755263,2.535925,0.72992,0.6612,0.6619
1694787838054687,-9.429014,0.760263,2.540925,0.66792,0.4388,0.3419
1694787838062500,-9.431014,0.758263,2.540925,0.68992,0.4388,0.5919
1694787838070312,-9.427014,0.767263,2.544925,0.72892,0.1712,0.5019
1694787838078125,-9.440014,0.765263,2.547925,0.70992,0.4412,0.3119
1694787838085937,-9.449014,0.760263,2.549925,0.72992,0.1288,0.5019
1694787838093750,-9.449014,0.758263,2.553925,0.70692,0.2288,0.281
1694787838101562,-9.453014,0.758263,2.556925,0.70792,0.5912,0.1419
1694787838109375,-9.451014,0.760263,2.540925,0.71692,0.2588,0.3619
1694787838117187,-9.453014,0.758263,2.542925,0.71092,0.1612,0.1581
1694787838125000,-9.458014,0.761263,2.540925,0.70492,0.888,0.3581
1694787838132812,-9.447014,0.771263,2.540925,0.71292,0.1488,0.3319
1694787838140625,-9.451014,0.765263,2.542925,0.72792,0.2888,0.6181
1694787838148437,-9.438014,0.784263,2.538925,0.71392,0.312,0.1819
1694787838156250,-9.447014,0.794263,2.540925,0.72492,0.2088,0.4619
1694787838164062,-9.445014,0.791263,2.538925,0.71292,0.1488,0.3319
1694787838171875,-9.422014,0.778263,2.540925,0.66392,0.1312,0.6319
1694787838179687,-9.426014,0.776263,2.533925,0.63092,0.688,0.7619
1694787838187500,-9.427014,0.793263,2.522925,0.67392,0.5988,0.5819
1694787838195312,-9.438014,0.780263,2.520925,0.71392,0.9488,0.6619
1694787838203125,-9.447014,0.776263,2.499925,0.68092,0.1988,0.11119
1694787838210937,-9.438014,0.778263,2.508925,0.69292,0.5588,0.7719
1694787838218750,-9.445014,0.778263,2.504925,0.72692,0.8488,0.7919
1694787838226562,-9.440014,0.775263,2.511925,0.71492,0.4388,0.1919
1694787838234375,-9.447014,0.771263,2.520925,0.72492,0.10288,0.7819
1694787838242187,-9.442014,0.783263,2.519925,0.70592,0.7688,0.5919
1694787838250000,-9.445014,0.778263,2.522925,0.72392,0.8488,0.4881
1694787838257812,-9.440014,0.776263,2.508925,0.70992,0.7088,0.7819
1694787838265625,-9.438014,0.778263,2.522925,0.72692,0.10088,0.7919
1694787838273437,-9.433014,0.776263,2.522925,0.66592,0.4988,0.9519
1694787838281250,-9.443014,0.789263,2.508925,0.67992,0.288,0.7919
1694787838289062,-9.438014,0.798263,2.508925,0.70892,0.10488,0.9319
1694787838296875,-9.436014,0.809263,2.517925,0.72392,0.3988,0.4519
1694787838304687,-9.438014,0.805263,2.517925,0.65992,0.2488,0.6019
1694787838312500,-9.447014,0.814263,2.522925,0.69392,0.10288,0.9319
1694787838320312,-9.447014,0.807263,2.529925,0.72492,0.8888,0.10919
1694787838328125,-9.438014,0.796263,2.526925,0.71392,0.9688,0.9719
1694787838335937,-9.449014,0.796263,2.522925,0.72392,0.8888,0.7719
1694787838343750,-9.445014,0.789263,2.506925,0.71192,0.1988,0.11119
1694787838351562,-9.449014,0.772263,2.510925,0.65792,0.2012,0.7419
1694787838359375,-9.456014,0.769263,2.493925,0.62092,0.1712,0.12819
1694787838367187,-9.458014,0.767263,2.486925,0.68592,0.1188,0.13119
1694787838375000,-9.472014,0.778263,2.484925,0.69592,0.5188,0.7919
1694787838382812,-9.476014,0.787263,2.493925,0.71492,0.6288,0.9819
1694787838390625,-9.470014,0.800263,2.504925,0.73192,0.9288,0.8319
1694787838398437,-9.465014,0.816263,2.517925,0.70992,0.10288,0.9419
1694787838406250,-9.463014,0.825263,2.524925,0.71092,0.6888,0.7919
1694787838414062,-9.443014,0.818263,2.506925,0.72992,0.8088,0.9719
1694787838421875,-9.447014,0.807263,2.506925,0.71592,0.6288,0.11419
1694787838429687,-9.443014,0.800263,2.502925,0.72892,0.8088,0.8119
1694787838437500,-9.447014,0.796263,2.504925,0.69492,0.6888,0.6319
1694787838445312,-9.438014,0.785263,2.506925,0.70792,0.8888,0.6119
1694787838453125,-9.429014,0.775263,2.502925,0.72992,0.8288,0.19219
1694787838460937,-9.429014,0.775263,2.506925,0.71792,0.6088,0.14719
1694787838468750,-9.418014,0.784263,2.533925,0.71692,0.7888,0.19419
1694787838476562,-9.429014,0.796263,2.540925,0.72692,0.6888,0.11119
1694787838484375,-9.429014,0.791263,2.540925,0.74692,0.7888,0.9819
1694787838492187,-9.429014,0.793263,2.533925,0.71392,0.9788,0.12919
1694787838500000,-9.432014,0.798263,2.529925,0.71492,0.9788,0.16119
1694787838507812,-9.423014,0.809263,2.529925,0.73292,0.6088,0.14719
1694787838515625,-9.411014,0.798263,2.540925,0.74092,0.7088,0.9419
1694787838523437,-9.420014,0.804263,2.542925,0.71492,0.9788,0.14519
1694787838531250,-9.416014,0.809263,2.535925,0.72992,0.8088,0.11319
1694787838539062,-9.409014,0.808263,2.531925,0.72792,0.1788,0.8019
1694787838546875,-9.418014,0.813263,2.535925,0.69892,0.1288,0.6619
1694787838554687,-9.432014,0.811263,2.531925,0.67992,0.3388,0.1619
1694787838562500,-9.443014,0.811263,2.517925,0.70992,0.1112,0.7819
1694787838570312,-9.465014,0.814263,2.519925,0.72292,0.2412,0.6119
1694787838578125,-9.472014,0.807263,2.519925,0.70692,0.2288,0.281
1694787838585937,-9.469014,0.790263,2.526925,0.72592,0.5388,0.7819
1694787838593750,-9.474014,0.796263,2.519925,0.70792,0.2412,0.10919
1694787838601562,-9.467014,0.794263,2.520925,0.71292,0.1512,0.6419
1694787838609375,-9.463014,0.798263,2.513925,0.66492,0.4988,0.4719
1694787838617187,-9.443014,0.796263,2.508925,0.71492,0.1288,0.6619
1694787838625000,-9.432014,0.793263,2.502925,0.73192,0.312,0.14719
1694787838632812,-9.425014,0.795263,2.508925,0.71392,0.4788,0.6519
1694787838640625,-9.429014,0.791263,2.520925,0.69892,0.0,0.12919
1694787838648437,-9.427014,0.786263,2.529925,0.71392,0.312,0.1819
1694787838656250,-9.429014,0.795263,2.529925,0.68292,0.1288,0.5019
1694787838664062,-9.429014,0.807263,2.540925,0.72792,0.4988,0.6419
1694787838671875,-9.434014,0.827263,2.542925,0.70992,0.1888,0.3119
1694787838679687,-9.448014,0.829263,2.553925,0.72492,0.1112,0.3019
1694787838687500,-9.454014,0.829263,2.558925,0.70792,0.7288,0.7719
1694787838695312,-9.466014,0.832263,2.538925,0.72392,0.8888,0.7719
1694787838703125,-9.466014,0.827263,2.535925,0.71192,0.9888,0.8019
1694787838710937,-9.463014,0.818263,2.524925,0.70992,0.7088,0.11019
1694787838718750,-9.445014,0.807263,2.538925,0.70992,0.8688,0.9419
1694787838726562,-9.451014,0.794263,2.526925,0.70892,0.2388,0.9319
1694787838734375,-9.458014,0.789263,2.520925,0.72592,0.488,0.6219
1694787838742187,-9.443014,0.787263,2.513925,0.71492,0.4588,0.8219
1694787838750000,-9.438014,0.791263,2.515925,0.72692,0.4988,0.0
1694787838757812,-9.420014,0.793263,2.513925,0.71292,0.8288,0.12819
1694787838765625,-9.416014,0.797263,2.522925,0.69792,0.6488,0.8119
1694787838773437,-9.425014,0.802263,2.515925,0.73192,0.2788,0.5119
1694787838781250,-9.441014,0.829263,2.508925,0.71192,0.3388,0.6419
1694787838789062,-9.443014,0.833263,2.502925,0.73192,0.4388,0.5119
1694787838796875,-9.448014,0.840263,2.504925,0.71092,0.488,0.9419
1694787838804687,-9.466014,0.836263,2.497925,0.73192,0.4388,0.9919
1694787838812500,-9.459014,0.827263,2.492925,0.70792,0.688,0.4519
1694787838820312,-9.448014,0.827263,2.499925,0.70992,0.2812,0.6219
1694787838828125,-9.459014,0.814263,2.484925,0.71192,0.4988,0.4819
1694787838835937,-9.452014,0.811263,2.493925,0.72992,0.6488,0.11319
1694787838843750,-9.441014,0.807263,2.499925,0.71292,0.6488,0.4919
1694787838851562,-9.445014,0.802263,2.515925,0.73192,0.512,0.6719
1694787838859375,-9.443014,0.811263,2.522925,0.71092,0.3388,0.1619
1694787838867187,-9.443014,0.802263,2.522925,0.74192,0.11588,0.1619
1694787838875000,-9.445014,0.811263,2.526925,0.72992,0.6288,0.6619
1694787838882812,-9.432014,0.820263,2.528925,0.70592,0.10888,0.7419
1694787838890625,-9.414014,0.815263,2.538925,0.72492,0.8688,0.6219
1694787838898437,-9.412014,0.826263,2.549925,0.71092,0.9888,0.3119
1694787838906250,-9.412014,0.831263,2.542925,0.71192,0.8488,0.12719
1694787838914062,-9.405014,0.824263,2.538925,0.72492,0.488,0.4619
1694787838921875,-9.416014,0.822263,2.515925,0.71292,0.3212,0.6419
1694787838929687,-9.429014,0.811263,2.508925,0.69492,0.1888,0.4719
1694787838937500,-9.434014,0.809263,2.502925,0.72692,0.1312,0.6419
1694787838945312,-9.450014,0.829263,2.504925,0.71392,0.8312,0.5019
1694787838953125,-9.439014,0.827263,2.502925,0.72692,0.1312,0.6419
1694787838960937,-9.439014,0.833263,2.508925,0.74192,0.1312,0.1619
1694787838968750,-9.430014,0.822263,2.520925,0.74092,0.4412,0.4719
1694787838976562,-9.427014,0.824263,2.510925,0.76892,0.5788,0.2819
1694787838984375,-9.430014,0.835263,2.524925,0.74592,0.3612,0.5119
1694787838992187,-9.436014,0.811263,2.535925,0.71092,0.1888,0.6319
1694787839000000,-9.443014,0.827263,2.529925,0.71492,0.4588,0.6619
1694787839007812,-9.436014,0.813263,2.540925,0.72692,0.288,0.4719
1694787839015625,-9.450014,0.825263,2.538925,0.71192,0.3388,0.6419
1694787839023437,-9.427014,0.829263,2.540925,0.74292,0.1688,0.3219
1694787839031250,-9.443014,0.838263,2.538925,0.80292,0.3788,0.4719
1694787839039062,-9.437014,0.849263,2.540925,0.77092,0.688,0.6219
1694787839046875,-9.435014,0.847263,2.538925,0.71592,0.6812,0.6719
1694787839054687,-9.457014,0.845263,2.540925,0.72892,0.1788,0.9619
1694787839062500,-9.454014,0.845263,2.531925,0.70592,0.4588,0.13819
1694787839070312,-9.446014,0.845263,2.533925,0.72792,0.6888,0.12719
1694787839078125,-9.443014,0.833263,2.522925,0.71192,0.1312,0.9519
1694787839085937,-9.437014,0.827263,2.526925,0.72892,0.9688,0.8119
1694787839093750,-9.439014,0.829263,2.529925,0.69592,0.10088,0.11019
1694787839101562,-9.425014,0.833263,2.531925,0.63292,0.8488,0.7819
1694787839109375,-9.432014,0.827263,2.540925,0.68292,0.4788,0.9719
1694787839117187,-9.430014,0.831263,2.544925,0.71292,0.4988,0.11219
1694787839125000,-9.439014,0.833263,2.544925,0.68192,0.112,0.3319
1694787839132812,-9.446014,0.836263,2.540925,0.74292,0.3588,0.11119
1694787839140625,-9.439014,0.831263,2.538925,0.66792,0.2988,0.8219
1694787839148437,-9.430014,0.842263,2.547925,0.70992,0.3788,0.7819
1694787839156250,-9.434014,0.849263,2.540925,0.72192,0.9288,0.12319
1694787839164062,-9.430014,0.842263,2.533925,0.73192,0.9588,0.14619
1694787839171875,-9.430014,0.838263,2.511925,0.61992,0.1488,0.8019
1694787839179687,-9.434014,0.838263,2.504925,0.60392,0.4788,0.9619
1694787839187500,-9.448014,0.840263,2.499925,0.58892,0.7888,0.6419
1694787839195312,-9.450014,0.827263,2.502925,0.60492,0.6488,0.11219
1694787839203125,-9.452014,0.831263,2.504925,0.69792,0.7888,0.3319
1694787839210937,-9.448014,0.831263,2.509925,0.73392,0.2588,0.8419
1694787839218750,-9.457014,0.829263,2.515925,0.63792,0.2488,0.1281
1694787839226562,-9.459014,0.818263,2.517925,0.64992,0.8288,0.7919
1694787839234375,-9.465014,0.794263,2.515925,0.60392,0.8088,0.9519
1694787839242187,-9.481014,0.783263,2.517925,0.52292,0.8488,0.7719
1694787839250000,-9.485014,0.774263,2.520925,0.64692,0.10288,0.6119
1694787839257812,-9.483014,0.770263,2.520925,0.71392,0.8088,0.8119
1694787839265625,-9.456014,0.783263,2.542925,0.72692,0.6888,0.9519
1694787839273437,-9.450014,0.805263,2.556925,0.72892,0.6488,0.8119
1694787839281250,-9.430014,0.806263,2.569925,0.76192,0.9588,0.9819
1694787839289062,-9.409014,0.811263,2.569925,0.69092,0.7388,0.2719
1694787839296875,-9.380014,0.806263,2.551925,0.75492,0.11988,0.1781
1694787839304687,-9.375014,0.790263,2.529925,0.81692,0.11988,0.1781
1694787839312500,-9.362014,0.788263,2.515925,0.79192,0.4788,0.8219
1694787839320312,-9.362014,0.768263,2.506925,0.88792,0.4388,0.3719
1694787839328125,-9.375014,0.768263,2.493925,0.81092,0.512,0.8419
1694787839335937,-9.377014,0.790263,2.481925,0.80092,0.7488,0.7719
1694787839343750,-9.393014,0.795263,2.493925,0.89692,0.7088,0.4819
1694787839351562,-9.420014,0.802263,2.504925,0.81992,0.2188,0.7919
1694787839359375,-9.434014,0.791263,2.502925,0.83792,0.1512,0.5019
1694787839367187,-9.442014,0.796263,2.501925,0.91092,0.888,0.6219
1694787839375000,-9.447014,0.807263,2.504925,0.82392,0.3312,0.8319
1694787839382812,-9.461014,0.823263,2.501925,0.86392,0.4212,0.1681
1694787839390625,-9.459014,0.831263,2.504925,0.78992,0.14712,0.2981
1694787839398437,-9.446014,0.853263,2.500925,0.85692,0.20212,0.981
1694787839406250,-9.435014,0.871263,2.511925,0.74492,0.18112,0.1281
1694787839414062,-9.430014,0.864263,2.517925,0.72992,0.19512,0.9819
1694787839421875,-9.430014,0.867263,2.511925,0.70992,0.19012,0.6319
1694787839429687,-9.426014,0.855263,2.515925,0.79092,0.14612,0.1819
1694787839437500,-9.432014,0.847263,2.506925,0.75992,0.17912,0.1819
1694787839445312,-9.430014,0.849263,2.524925,0.71292,0.16312,0.4919
1694787839453125,-9.446014,0.838263,2.508925,0.72892,0.18112,0.319
1694787839460937,-9.450014,0.838263,2.520925,0.71492,0.16712,0.1919
1694787839468750,-9.436014,0.824263,2.502925,0.73092,0.16512,0.6719
1694787839476562,-9.432014,0.836263,2.508925,0.66192,0.14112,0.4619
1694787839484375,-9.434014,0.829263,2.497925,0.67692,0.19012,0.181
1694787839492187,-9.436014,0.838263,2.499925,0.67792,0.15712,0.4619
1694787839500000,-9.448014,0.847263,2.486925,0.66592,0.13012,0.3319
1694787839507812,-9.443014,0.836263,2.488925,0.68392,0.19712,0.9819
1694787839515625,-9.441014,0.831263,2.501925,0.66292,0.7512,0.10919
1694787839523437,-9.443014,0.840263,2.495925,0.63592,0.12812,0.17619
1694787839531250,-9.453014,0.856263,2.502925,0.63292,0.9312,0.7819
1694787839539062,-9.464014,0.858263,2.513925,0.60192,0.10712,0.15719
1694787839546875,-9.464014,0.869263,2.495925,0.61992,0.7912,0.19119
1694787839554687,-9.451014,0.882263,2.499925,0.56992,0.7712,0.9319
1694787839562500,-9.462014,0.885263,2.491925,0.51492,0.5412,0.16219
1694787839570312,-9.469014,0.874263,2.486925,0.54292,0.5012,0.14419
1694787839578125,-9.466014,0.867263,2.466925,0.58792,0.6512,0.9519
1694787839585937,-9.468014,0.865263,2.470925,0.56692,0.7312,0.9119
1694787839593750,-9.460014,0.867263,2.479925,0.44792,0.6912,0.1619
1694787839601562,-9.457014,0.860263,2.472925,0.47392,0.2088,0.4319
1694787839609375,-9.464014,0.847263,2.470925,0.45992,0.3012,0.4519
1694787839617187,-9.466014,0.849263,2.470925,0.46092,0.6788,0.9219
1694787839625000,-9.465014,0.836263,2.470925,0.50292,0.4388,0.10519
1694787839632812,-9.475014,0.845263,2.468925,0.53892,0.1888,0.6119
1694787839640625,-9.466014,0.849263,2.470925,0.53892,0.1888,0.6119
1694787839648437,-9.468014,0.849263,2.466925,0.65092,0.3388,0.12719
1694787839656250,-9.457014,0.847263,2.463925,0.67992,0.6888,0.11119
1694787839664062,-9.446014,0.849263,2.466925,0.53892,0.288,0.7719
1694787839671875,-9.437014,0.847263,2.472925,0.66292,0.5388,0.7719
1694787839679687,-9.416014,0.837263,2.472925,0.74392,0.3388,0.9619
1694787839687500,-9.418014,0.833263,2.477925,0.66192,0.5888,0.17219
1694787839695312,-9.416014,0.831263,2.481925,0.51892,0.4188,0.7419
1694787839703125,-9.410014,0.844263,2.481925,0.58292,0.5788,0.12319
1694787839710937,-9.407014,0.848263,2.484925,0.56892,0.2088,0.9319
1694787839718750,-9.407014,0.853263,2.477925,0.61092,0.2012,0.8919
1694787839726562,-9.421014,0.858263,2.468925,0.62792,0.2212,0.7519
1694787839734375,-9.430014,0.866263,2.470925,0.64992,0.3388,0.7919
1694787839742187,-9.453014,0.865263,2.481925,0.69192,0.2412,0.6019
1694787839750000,-9.466014,0.865263,2.470925,0.68292,0.6712,0.4919
1694787839757812,-9.470014,0.861263,2.450925,0.64492,0.4012,0.6019
1694787839765625,-9.479014,0.870263,2.450925,0.68892,0.312,0.7419
1694787839773437,-9.475014,0.863263,2.443925,0.64692,0.5388,0.4519
1694787839781250,-9.475014,0.849263,2.439925,0.63392,0.3212,0.6419
1694787839789062,-9.477014,0.843263,2.445925,0.72892,0.6412,0.6519
1694787839796875,-9.454014,0.829263,2.445925,0.66492,0.1512,0.4819
1694787839804687,-9.445014,0.827263,2.445925,0.71092,0.6888,0.7919
1694787839812500,-9.447014,0.809263,2.459925,0.72792,0.3588,0.11119
1694787839820312,-9.431014,0.784263,2.447925,0.72492,0.488,0.1419
1694787839828125,-9.431014,0.782263,2.448925,0.71592,0.312,0.13019
1694787839835937,-9.438014,0.791263,2.461925,0.74092,0.11988,0.7819
1694787839843750,-9.429014,0.804263,2.457925,0.80492,0.5188,0.4819
1694787839851562,-9.443014,0.811263,2.450925,0.71292,0.5012,0.119
1694787839859375,-9.454014,0.820263,2.452925,0.94592,0.6212,0.219
1694787839867187,-9.445014,0.818263,2.457925,0.77792,0.5212,0.5119
1694787839875000,-9.443014,0.827263,2.468925,0.74492,0.3412,0.5019
1694787839882812,-9.434014,0.831263,2.457925,0.74392,0.8112,0.6519
1694787839890625,-9.427014,0.842263,2.459925,0.73692,0.11812,0.4319
1694787839898437,-9.425014,0.849263,2.454925,0.70892,0.6112,0.81
1694787839906250,-9.421014,0.855263,2.445925,0.72892,0.16512,0.1381
1694787839914062,-9.423014,0.860263,2.457925,0.70892,0.15912,0.4881
1694787839921875,-9.437014,0.862263,2.470925,0.73092,0.8712,0.419
1694787839929687,-9.457014,0.858263,2.468925,0.71092,0.4412,0.7919
1694787839937500,-9.480014,0.847263,2.459925,0.73192,0.888,0.2019
1694787839945312,-9.500014,0.850263,2.457925,0.71392,0.2012,0.1819
1694787839953125,-9.513014,0.835263,2.445925,0.75492,0.3988,0.2919
1694787839960937,-9.518014,0.843263,2.436925,0.79092,0.4788,0.3419
1694787839968750,-9.515014,0.832263,2.427925,0.77592,0.1788,0.9719
1694787839976562,-9.511014,0.832263,2.430925,0.88692,0.2988,0.3619
1694787839984375,-9.499014,0.839263,2.441925,0.77192,0.5388,0.4719
1694787839992187,-9.479014,0.845263,2.441925,0.71192,0.8288,0.6419
1694787840000000,-9.464014,0.852263,2.461925,0.70792,0.7288,0.6119
1694787840007812,-9.448014,0.867263,2.484925,0.72892,0.8288,0.11219
1694787840015625,-9.430014,0.867263,2.481925,0.74092,0.7288,0.14119
1694787840023437,-9.417014,0.884263,2.497925,0.71092,0.2188,0.11019
1694787840031250,-9.406014,0.888263,2.504925,0.71392,0.1512,0.11219
1694787840039062,-9.402014,0.890263,2.506925,0.65192,0.1712,0.8119
1694787840046875,-9.395014,0.891263,2.511925,0.74092,0.5812,0.7819
1694787840054687,-9.401014,0.891263,2.488925,0.74192,0.2812,0.9519
1694787840062500,-9.419014,0.884263,2.461925,0.72892,0.1712,0.1719
1694787840070312,-9.417014,0.875263,2.463925,0.66392,0.2812,0.11019
1694787840078125,-9.430014,0.864263,2.448925,0.61592,0.9412,0.3019
1694787840085937,-9.461014,0.856263,2.425925,0.67992,0.5388,0.12619
1694787840093750,-9.468014,0.845263,2.411925,0.65692,0.2888,0.2519
1694787840101562,-9.484014,0.845263,2.414925,0.70992,0.2088,0.7819
1694787840109375,-9.504014,0.836263,2.409925,0.69692,0.112,0.1481
1694787840117187,-9.506014,0.830263,2.411925,0.67792,0.3788,0.6219
1694787840125000,-9.502014,0.839263,2.427925,0.66892,0.7688,0.5019
1694787840132812,-9.497014,0.852263,2.436925,0.66392,0.5188,0.7819
1694787840140625,-9.486014,0.867263,2.432925,0.69592,0.10088,0.9419
1694787840148437,-9.466014,0.865263,2.421925,0.66492,0.288,0.7919
1694787840156250,-9.448014,0.860263,2.421925,0.58892,0.1488,0.8019
1694787840164062,-9.441014,0.849263,2.412925,0.55392,0.11788,0.7719
1694787840171875,-9.419014,0.849263,2.405925,0.56792,0.2288,0.7619
1694787840179687,-9.419014,0.844263,2.407925,0.58592,0.1312,0.7819
1694787840187500,-9.416014,0.840263,2.405925,0.58192,0.9088,0.7419
1694787840195312,-9.410014,0.848263,2.414925,0.67892,0.7088,0.9319
1694787840203125,-9.430014,0.851263,2.412925,0.63792,0.7688,0.8219
1694787840210937,-9.430014,0.860263,2.416925,0.70792,0.8888,0.6119
1694787840218750,-9.435014,0.869263,2.430925,0.69792,0.6188,0.3419
1694787840226562,-9.431014,0.877263,2.439925,0.71292,0.7888,0.3081
1694787840234375,-9.437014,0.878263,2.432925,0.70892,0.1888,0.1681
1694787840242187,-9.446014,0.874263,2.452925,0.72292,0.5612,0.6119
1694787840250000,-9.446014,0.880263,2.448925,0.66692,0.1712,0.6519
1694787840257812,-9.449014,0.887263,2.466925,0.66792,0.1712,0.11319
1694787840265625,-9.446014,0.884263,2.466925,0.68192,0.3212,0.8019
1694787840273437,-9.444014,0.878263,2.459925,0.51192,0.312,0.9619
1694787840281250,-9.446014,0.869263,2.445925,0.53892,0.17512,0.9419
1694787840289062,-9.466014,0.867263,2.445925,0.63792,0.15012,0.8319
1694787840296875,-9.462014,0.869263,2.452925,0.52792,0.11812,0.9719
1694787840304687,-9.462014,0.860263,2.439925,0.46492,0.6912,0.6419
1694787840312500,-9.471014,0.854263,2.421925,0.54392,0.8512,0.8119
1694787840320312,-9.473014,0.843263,2.405925,0.58792,0.7912,0.12719
1694787840328125,-9.477014,0.834263,2.400925,0.57492,0.8512,0.8119
1694787840335937,-9.470014,0.836263,2.414925,0.66592,0.3388,0.9619
1694787840343750,-9.470014,0.843263,2.407925,0.63492,0.3188,0.4819
1694787840351562,-9.457014,0.842263,2.412925,0.73292,0.1188,0.9919
1694787840359375,-9.462014,0.860263,2.416925,0.66592,0.4988,0.12819
1694787840367187,-9.464014,0.849263,2.430925,0.66692,0.1512,0.12819
1694787840375000,-9.471014,0.872263,2.416925,0.74292,0.1112,0.15919
1694787840382812,-9.480014,0.880263,2.434925,0.68592,0.4688,0.17819
1694787840390625,-9.491014,0.888263,2.459925,0.67892,0.3988,0.15719
1694787840398437,-9.471014,0.896263,2.454925,0.60492,0.7888,0.8019
1694787840406250,-9.471014,0.900263,2.472925,0.57392,0.7888,0.11219
1694787840414062,-9.456014,0.898263,2.486925,0.49892,0.7288,0.6619
1694787840421875,-9.460014,0.883263,2.484925,0.56992,0.5188,0.9319
1694787840429687,-9.460014,0.867263,2.457925,0.69792,0.1788,0.12819
1694787840437500,-9.466014,0.858263,2.455925,0.70292,0.5888,0.11619
1694787840445312,-9.450014,0.836263,2.443925,0.66792,0.3188,0.11319
1694787840453125,-9.441014,0.831263,2.438925,0.69292,0.10488,0.10819
1694787840460937,-9.443014,0.827263,2.430925,0.73292,0.2112,0.8419
1694787840468750,-9.432014,0.824263,2.432925,0.71392,0.9488,0.4919
1694787840476562,-9.437014,0.835263,2.412925,0.73092,0.2988,0.9819
1694787840484375,-9.448014,0.849263,2.412925,0.71492,0.1588,0.11319
1694787840492187,-9.462014,0.856263,2.400925,0.72892,0.6488,0.8119
1694787840500000,-9.459014,0.860263,2.407925,0.68192,0.9688,0.8019
1694787840507812,-9.464014,0.867263,2.414925,0.66792,0.6288,0.9719
1694787840515625,-9.471014,0.880263,2.418925,0.66592,0.6688,0.9519
1694787840523437,-9.466014,0.867263,2.430925,0.58892,0.4788,0.9619
1694787840531250,-9.467014,0.867263,2.437925,0.59292,0.5888,0.11519
1694787840539062,-9.466014,0.865263,2.459925,0.54092,0.8088,0.6319
1694787840546875,-9.466014,0.865263,2.454925,0.55892,0.4588,0.9619
1694787840554687,-9.466014,0.858263,2.457925,0.64992,0.6688,0.9519
1694787840562500,-9.468014,0.856263,2.468925,0.63092,0.10288,0.7719
1694787840570312,-9.451014,0.858263,2.459925,0.62292,0.7688,0.14619
1694787840578125,-9.450014,0.854263,2.461925,0.64592,0.7288,0.9219
1694787840585937,-9.441014,0.851263,2.454925,0.72992,0.6488,0.9719
1694787840593750,-9.430014,0.853263,2.450925,0.67692,0.10488,0.7619
1694787840601562,-9.437014,0.849263,2.439925,0.61892,0.4788,0.4819
1694787840609375,-9.439014,0.853263,2.429925,0.50192,0.5488,0.3781
1694787840617187,-9.446014,0.851263,2.430925,0.61992,0.1488,0.6419
1694787840625000,-9.453014,0.858263,2.434925,0.54392,0.512,0.4919
1694787840632812,-9.457014,0.865263,2.425925,0.56892,0.288,0.281
1694787840640625,-9.471014,0.865263,2.409925,0.57192,0.6388,0.6319
1694787840648437,-9.477014,0.867263,2.421925,0.53792,0.288,0.2919
1694787840656250,-9.482014,0.863263,2.418925,0.60092,0.3212,0.1681
1694787840664062,-9.484014,0.852263,2.425925,0.55692,0.9288,0.3081
1694787840671875,-9.470014,0.843263,2.443925,0.61892,0.1488,0.4819
1694787840679687,-9.471014,0.843263,2.450925,0.66692,0.2888,0.119
1694787840687500,-9.466014,0.849263,2.441925,0.62792,0.3888,0.1981
1694787840695312,-9.461014,0.842263,2.436925,0.67992,0.4788,0.4781
1694787840703125,-9.446014,0.851263,2.430925,0.72592,0.1688,0.3181
1694787840710937,-9.444014,0.856263,2.436925,0.70892,0.3488,0.4881
1694787840718750,-9.448014,0.858263,2.441925,0.72992,0.4388,0.2881
1694787840726562,-9.446014,0.862263,2.436925,0.72992,0.2788,0.1281
1694787840734375,-9.448014,0.865263,2.436925,0.69292,0.5188,0.4981
1694787840742187,-9.444014,0.871263,2.425925,0.67792,0.5388,0.2919
1694787840750000,-9.457014,0.873263,2.432925,0.71292,0.3188,0.3319
1694787840757812,-9.471014,0.876263,2.423925,0.71392,0.9488,0.4919
1694787840765625,-9.487014,0.876263,2.416925,0.73092,0.4588,0.8219
1694787840773437,-9.491014,0.887263,2.432925,0.62992,0.6988,0.281
1694787840781250,-9.494014,0.885263,2.443925,0.66392,0.8088,0.3181
1694787840789062,-9.489014,0.885263,2.439925,0.69892,0.4388,0.319
1694787840796875,-9.478014,0.878263,2.441925,0.65992,0.3688,0.6681
1694787840804687,-9.449014,0.882263,2.452925,0.65092,0.6188,0.119
1694787840812500,-9.431014,0.871263,2.452925,0.73092,0.4388,0.3519
1694787840820312,-9.439014,0.871263,2.468925,0.60192,0.3088,0.3181
1694787840828125,-9.430014,0.869263,2.466925,0.63292,0.4788,0.3181
1694787840835937,-9.439014,0.882263,2.465925,0.59392,0.4288,0.5481
1694787840843750,-9.444014,0.891263,2.459925,0.63592,0.4388,0.219
1694787840851562,-9.437014,0.900263,2.438925,0.61292,0.2288,0.381
1694787840859375,-9.438014,0.900263,2.430925,0.59092,0.512,0.5019
1694787840867187,-9.433014,0.902263,2.434925,0.63392,0.4788,0.3219
1694787840875000,-9.431014,0.900263,2.434925,0.63392,0.112,0.0
1694787840882812,-9.429014,0.897263,2.439925,0.62392,0.3988,0.2019
1694787840890625,-9.429014,0.900263,2.425925,0.68092,0.112,0.0
1694787840898437,-9.433014,0.904263,2.430925,0.57292,0.3612,0.1719
1694787840906250,-9.431014,0.891263,2.430925,0.48992,0.6788,0.381
1694787840914062,-9.449014,0.878263,2.441925,0.47892,0.1088,0.1581
1694787840921875,-9.467014,0.873263,2.434925,0.49692,0.2488,0.1719
1694787840929687,-9.495014,0.852263,2.430925,0.52292,0.6788,0.6119
1694787840937500,-9.518014,0.852263,2.432925,0.51292,0.5988,0.9719
1694787840945312,-9.533014,0.853263,2.430925,0.57092,0.8288,0.9419
1694787840953125,-9.513014,0.866263,2.441925,0.50892,0.9888,0.9319
1694787840960937,-9.502014,0.856263,2.457925,0.57392,0.11188,0.8019
1694787840968750,-9.486014,0.849263,2.450925,0.57492,0.2788,0.8119
1694787840976562,-9.462014,0.840263,2.437925,0.51392,0.2288,0.1919
1694787840984375,-9.434014,0.849263,2.425925,0.52192,0.1212,0.4419
1694787840992187,-9.421014,0.844263,2.425925,0.53792,0.5188,0.6119
1694787841000000,-9.410014,0.842263,2.409925,0.60192,0.6588,0.4619
1694787841007812,-9.398014,0.824263,2.412925,0.57392,0.2988,0.6419
1694787841015625,-9.412014,0.830263,2.416925,0.63792,0.4188,0.3519
1694787841023437,-9.412014,0.828263,2.436925,0.61892,0.3188,0.4819
1694787841031250,-9.421014,0.831263,2.443925,0.64892,0.4988,0.6319
1694787841039062,-9.439014,0.833263,2.461925,0.61792,0.3388,0.4719
1694787841046875,-9.457014,0.829263,2.468925,0.54392,0.4388,0.9719
1694787841054687,-9.461014,0.829263,2.461925,0.55692,0.9488,0.4819
1694787841062500,-9.470014,0.830263,2.474925,0.50392,0.7188,0.2619
1694787841070312,-9.468014,0.838263,2.477925,0.49192,0.7988,0.1781
1694787841078125,-9.450014,0.845263,2.475925,0.59892,0.5388,0.2919
1694787841085937,-9.446014,0.847263,2.457925,0.60092,0.3012,0.4619
1694787841093750,-9.448014,0.838263,2.457925,0.66692,0.8312,0.3319
1694787841101562,-9.443014,0.831263,2.450925,0.71592,0.8512,0.6719
1694787841109375,-9.443014,0.829263,2.450925,0.64892,0.3212,0.1619
1694787841117187,-9.445014,0.831263,2.452925,0.69392,0.3488,0.1681
1694787841125000,-9.454014,0.822263,2.441925,0.69592,0.1612,0.0
1694787841132812,-9.454014,0.829263,2.427925,0.67092,0.4488,0.2281
1694787841140625,-9.457014,0.840263,2.434925,0.67892,0.4412,0.4619
1694787841148437,-9.468014,0.852263,2.452925,0.70392,0.312,0.4219
1694787841156250,-9.473014,0.849263,2.463925,0.72492,0.6788,0.81
1694787841164062,-9.491014,0.856263,2.470925,0.72592,0.5188,0.3119
1694787841171875,-9.495014,0.870263,2.475925,0.70892,0.1112,0.3019
1694787841179687,-9.482014,0.865263,2.466925,0.64792,0.0,0.1681
1694787841187500,-9.471014,0.872263,2.474925,0.68792,0.10888,0.2181
1694787841195312,-9.451014,0.878263,2.472925,0.73092,0.1388,0.9819
1694787841203125,-9.441014,0.856263,2.486925,0.69692,0.6888,0.14319
1694787841210937,-9.443014,0.847263,2.486925,0.67692,0.712,0.12419
1694787841218750,-9.452014,0.840263,2.484925,0.71392,0.3212,0.11319
1694787841226562,-9.457014,0.834263,2.493925,0.70992,0.10388,0.11019
1694787841234375,-9.448014,0.853263,2.504925,0.66492,0.6688,0.7919
1694787841242187,-9.442014,0.871263,2.499925,0.71192,0.5188,0.9519
1694787841250000,-9.424014,0.878263,2.497925,0.69392,0.8688,0.7719
1694787841257812,-9.420014,0.891263,2.484925,0.60492,0.2988,0.8119
1694787841265625,-9.411014,0.902263,2.475925,0.69692,0.8288,0.9619
1694787841273437,-9.429014,0.895263,2.473925,0.63692,0.5988,0.5019
1694787841281250,-9.433014,0.900263,2.470925,0.58492,0.3288,0.4981
1694787841289062,-9.431014,0.886263,2.466925,0.57392,0.7688,0.1719
1694787841296875,-9.426014,0.882263,2.466925,0.58692,0.8088,0.3119
1694787841304687,-9.446014,0.884263,2.468925,0.57092,0.9688,0.1519
1694787841312500,-9.466014,0.874263,2.463925,0.61792,0.4788,0.1581
1694787841320312,-9.468014,0.865263,2.448925,0.64492,0.6988,0.3481
1694787841328125,-9.477014,0.863263,2.443925,0.56592,0.11888,0.5281
1694787841335937,-9.484014,0.861263,2.461925,0.67992,0.4988,0.1519
1694787841343750,-9.493014,0.850263,2.454925,0.59992,0.10288,0.9219
1694787841351562,-9.480014,0.847263,2.452925,0.63392,0.3088,0.1581
1694787841359375,-9.475014,0.847263,2.452925,0.64892,0.6588,0.4719
1694787841367187,-9.455014,0.851263,2.448925,0.66392,0.5188,0.6219
1694787841375000,-9.441014,0.853263,2.463925,0.67992,0.9888,0.1519
1694787841382812,-9.430014,0.864263,2.472925,0.69592,0.6388,0.1581
1694787841390625,-9.415014,0.853263,2.466925,0.71492,0.7688,0.319
1694787841398437,-9.406014,0.855263,2.479925,0.72792,0.6188,0.4581
1694787841406250,-9.414014,0.848263,2.488925,0.67892,0.8288,0.3281
1694787841414062,-9.408014,0.853263,2.490925,0.72692,0.6388,0.4681
1694787841421875,-9.426014,0.864263,2.482925,0.73092,0.7488,0.2781
1694787841429687,-9.433014,0.864263,2.470925,0.69992,0.5788,0.2881
1694787841437500,-9.444014,0.864263,2.468925,0.73492,0.2188,0.2219
1694787841445312,-9.455014,0.867263,2.464925,0.71492,0.5788,0.2781
1694787841453125,-9.469014,0.865263,2.454925,0.72992,0.1088,0.4481
1694787841460937,-9.460014,0.865263,2.441925,0.71292,0.6188,0.2981
1694787841468750,-9.459014,0.856263,2.425925,0.72292,0.2088,0.4981
1694787841476562,-9.462014,0.869263,2.421925,0.71692,0.2288,0.2681
1694787841484375,-9.468014,0.856263,2.418925,0.72992,0.10212,0.1281
1694787841492187,-9.478014,0.865263,2.421925,0.69592,0.4788,0.4781
1694787841500000,-9.473014,0.856263,2.436925,0.71192,0.11088,0.4681
1694787841507812,-9.468014,0.860263,2.445925,0.72392,0.1212,0.181
1694787841515625,-9.468014,0.865263,2.459925,0.70992,0.6788,0.1519
1694787841523437,-9.459014,0.863263,2.466925,0.72492,0.5188,0.3281
1694787841531250,-9.446014,0.865263,2.472925,0.72492,0.5188,0.3281
1694787841539062,-9.430014,0.860263,2.488925,0.71392,0.5212,0.1381
1694787841546875,-9.435014,0.862263,2.482925,0.71392,0.4388,0.4481
1694787841554687,-9.430014,0.864263,2.484925,0.66292,0.4988,0.6481
1694787841562500,-9.430014,0.862263,2.486925,0.69492,0.3212,0.4781
1694787841570312,-9.426014,0.866263,2.481925,0.63392,0.13312,0.3081
1694787841578125,-9.433014,0.889263,2.479925,0.53292,0.812,0.5381
1694787841585937,-9.428014,0.887263,2.470925,0.48792,0.1212,0.5181
1694787841593750,-9.437014,0.882263,2.466925,0.51992,0.2812,0.3581
1694787841601562,-9.444014,0.867263,2.454925,0.45792,0.8012,0.6681
1694787841609375,-9.461014,0.860263,2.445925,0.53492,0.4312,0.2081
1694787841617187,-9.486014,0.861263,2.427925,0.53992,0.6712,0.4781
1694787841625000,-9.502014,0.859263,2.425925,0.55492,0.1488,0.3281
1694787841632812,-9.502014,0.852263,2.430925,0.56992,0.4788,0.4881
1694787841640625,-9.506014,0.848263,2.436925,0.59592,0.2288,0.5181
1694787841648437,-9.504014,0.843263,2.441925,0.61592,0.0,0.3281
1694787841656250,-9.504014,0.832263,2.425925,0.70592,0.688,0.5081
1694787841664062,-9.495014,0.830263,2.418925,0.59892,0.5188,0.3481
1694787841671875,-9.486014,0.836263,2.403925,0.67692,0.3488,0.6581
1694787841679687,-9.477014,0.816263,2.391925,0.72292,0.5388,0.4981
1694787841687500,-9.467014,0.798263,2.411925,0.70592,0.8888,0.3581
1694787841695312,-9.458014,0.798263,2.420925,0.72192,0.7188,0.5081
1694787841703125,-9.447014,0.802263,2.432925,0.70492,0.8788,0.6781
1694787841710937,-9.452014,0.805263,2.459925,0.74092,0.8288,0.6381
1694787841718750,-9.456014,0.811263,2.463925,0.75292,0.6988,0.12981
1694787841726562,-9.434014,0.809263,2.470925,0.72092,0.3888,0.6681
1694787841734375,-9.418014,0.795263,2.468925,0.73992,0.288,0.6481
1694787841742187,-9.404014,0.793263,2.452925,0.70592,0.688,0.5081
1694787841750000,-9.400014,0.790263,2.452925,0.72892,0.312,0.2981
1694787841757812,-9.397014,0.773263,2.439925,0.71092,0.8112,0.3081
1694787841765625,-9.418014,0.782263,2.427925,0.71192,0.3412,0.1481
1694787841773437,-9.438014,0.782263,2.421925,0.72792,0.1812,0.3081
1694787841781250,-9.465014,0.796263,2.430925,0.76192,0.1088,0.419
1694787841789062,-9.488014,0.814263,2.430925,0.86692,0.1688,0.4581
1694787841796875,-9.499014,0.817263,2.436925,0.83092,0.888,0.3481
1694787841804687,-9.501014,0.819263,2.427925,0.70892,0.1412,0.4881
1694787841812500,-9.510014,0.812263,2.387925,0.82192,0.5012,0.2881
1694787841820312,-9.515014,0.815263,2.396925,0.84892,0.1112,0.3181
1694787841828125,-9.515014,0.799263,2.384925,0.76992,0.488,0.4881
1694787841835937,-9.494014,0.799263,2.393925,0.70392,0.7588,0.3781
1694787841843750,-9.483014,0.792263,2.380925,0.72392,0.8488,0.4881
1694787841851562,-9.465014,0.778263,2.384925,0.70892,0.8488,0.181
1694787841859375,-9.447014,0.785263,2.409925,0.72792,0.8088,0.0
1694787841867187,-9.434014,0.795263,2.421925,0.61992,0.9488,0.3219
1694787841875000,-9.429014,0.795263,2.432925,0.72692,0.8488,0.9519
1694787841882812,-9.429014,0.809263,2.430925,0.64792,0.6888,0.7819
1694787841890625,-9.430014,0.815263,2.432925,0.68192,0.11388,0.8019
1694787841898437,-9.430014,0.824263,2.429925,0.70892,0.8688,0.4619
1694787841906250,-9.430014,0.824263,2.432925,0.69492,0.3788,0.9419
1694787841914062,-9.425014,0.818263,2.434925,0.70992,0.3012,0.3281
1694787841921875,-9.437014,0.824263,2.443925,0.68592,0.7512,0.2681
1694787841929687,-9.434014,0.829263,2.436925,0.69892,0.6712,0.6619
1694787841937500,-9.443014,0.840263,2.429925,0.66192,0.1212,0.3019
1694787841945312,-9.450014,0.849263,2.441925,0.68992,0.5788,0.2081
1694787841953125,-9.461014,0.843263,2.425925,0.56692,0.488,0.381
1694787841960937,-9.482014,0.829263,2.423925,0.68292,0.5212,0.3419
1694787841968750,-9.486014,0.832263,2.384925,0.55192,0.6112,0.281
1694787841976562,-9.502014,0.830263,2.393925,0.47292,0.1212,0.5281
1694787841984375,-9.502014,0.830263,2.412925,0.47692,0.4788,0.181
1694787841992187,-9.506014,0.832263,2.398925,0.45992,0.188,0.2819
1694787842000000,-9.520014,0.832263,2.416925,0.46192,0.3088,0.4619
1694787842007812,-9.517014,0.826263,2.409925,0.47592,0.5188,0.6019
1694787842015625,-9.513014,0.819263,2.425925,0.46592,0.4188,0.4919
1694787842023437,-9.504014,0.823263,2.430925,0.47692,0.3288,0.4519
1694787842031250,-9.488014,0.810263,2.445925,0.45892,0.5388,0.5919
1694787842039062,-9.478014,0.792263,2.450925,0.47392,0.2288,0.7419
1694787842046875,-9.463014,0.794263,2.463925,0.47692,0.0,0.6219
1694787842054687,-9.461014,0.803263,2.461925,0.46192,0.8288,0.9319
1694787842062500,-9.454014,0.818263,2.456925,0.47492,0.10288,0.10719
1694787842070312,-9.439014,0.818263,2.457925,0.57392,0.12988,0.15919
1694787842078125,-9.443014,0.822263,2.452925,0.59892,0.13788,0.9119
1694787842085937,-9.441014,0.816263,2.450925,0.58592,0.9888,0.4619
1694787842093750,-9.454014,0.827263,2.445925,0.70592,0.9088,0.4419
1694787842101562,-9.468014,0.832263,2.429925,0.61592,0.8688,0.9319
1694787842109375,-9.488014,0.830263,2.432925,0.63192,0.5188,0.4619
1694787842117187,-9.493014,0.828263,2.434925,0.61692,0.6888,0.9419
1694787842125000,-9.488014,0.832263,2.430925,0.63392,0.4988,0.6319
1694787842132812,-9.501014,0.821263,2.434925,0.51792,0.10488,0.2181
1694787842140625,-9.497014,0.814263,2.429925,0.59792,0.7188,0.5919
1694787842148437,-9.479014,0.807263,2.423925,0.53492,0.5588,0.1119
1694787842156250,-9.469014,0.794263,2.405925,0.56392,0.9288,0.5719
1694787842164062,-9.458014,0.792263,2.405925,0.56792,0.2288,0.7619
1694787842171875,-9.438014,0.796263,2.400925,0.52192,0.4212,0.12419
1694787842179687,-9.429014,0.793263,2.400925,0.64592,0.4012,0.9219
1694787842187500,-9.424014,0.796263,2.400925,0.65892,0.2212,0.7519
1694787842195312,-9.409014,0.793263,2.411925,0.62692,0.5312,0.9019
1694787842203125,-9.407014,0.795263,2.416925,0.53692,0.4212,0.7619
1694787842210937,-9.409014,0.791263,2.418925,0.50592,0.4212,0.9119
1694787842218750,-9.427014,0.795263,2.429925,0.58492,0.6112,0.6119
1694787842226562,-9.434014,0.793263,2.432925,0.61792,0.14212,0.11019
1694787842234375,-9.436014,0.795263,2.436925,0.60392,0.9912,0.4919
1694787842242187,-9.456014,0.802263,2.441925,0.57492,0.13212,0.11319
1694787842250000,-9.465014,0.803263,2.432925,0.52092,0.5712,0.12319
1694787842257812,-9.486014,0.812263,2.423925,0.63592,0.13012,0.11219
1694787842265625,-9.486014,0.816263,2.412925,0.63492,0.9712,0.9619
1694787842273437,-9.483014,0.825263,2.411925,0.64792,0.9312,0.6219
1694787842281250,-9.484014,0.827263,2.398925,0.60792,0.10312,0.9919
1694787842289062,-9.479014,0.832263,2.391925,0.59092,0.12012,0.5119
1694787842296875,-9.479014,0.829263,2.396925,0.65592,0.23412,0.8419
1694787842304687,-9.488014,0.816263,2.382925,0.54292,0.11612,0.9619
1694787842312500,-9.494014,0.808263,2.389925,0.45992,0.7712,0.9219
1694787842320312,-9.481014,0.807263,2.396925,0.52192,0.6112,0.6119
1694787842328125,-9.479014,0.796263,2.421925,0.54592,0.5612,0.9919
1694787842335937,-9.469014,0.792263,2.434925,0.53892,0.6112,0.9319
1694787842343750,-9.469014,0.785263,2.429925,0.56392,0.3612,0.4119
1694787842351562,-9.472014,0.785263,2.445925,0.72492,0.4212,0.9419
1694787842359375,-9.467014,0.790263,2.454925,0.59592,0.3812,0.2619
1694787842367187,-9.449014,0.796263,2.452925,0.55392,0.4912,0.4881
1694787842375000,-9.443014,0.809263,2.457925,0.58692,0.8312,0.3181
1694787842382812,-9.434014,0.822263,2.470925,0.60392,0.11612,0.0
1694787842390625,-9.429014,0.827263,2.468925,0.67092,0.8612,0.8581
1694787842398437,-9.441014,0.840263,2.466925,0.60192,0.13312,0.9481
1694787842406250,-9.457014,0.834263,2.457925,0.58192,0.1712,0.19381
1694787842414062,-9.470014,0.834263,2.438925,0.57992,0.1012,0.8381
1694787842421875,-9.493014,0.821263,2.423925,0.66392,0.6912,0.15781
1694787842429687,-9.502014,0.814263,2.425925,0.63292,0.2012,0.12681
1694787842437500,-9.517014,0.801263,2.409925,0.72192,0.4312,0.6681
1694787842445312,-9.519014,0.799263,2.396925,0.70792,0.4512,0.6581
1694787842453125,-9.521014,0.792263,2.407925,0.72292,0.488,0.6581
1694787842460937,-9.508014,0.790263,2.393925,0.72392,0.1888,0.8081
1694787842468750,-9.506014,0.794263,2.396925,0.71492,0.4188,0.7581
1694787842476562,-9.499014,0.794263,2.396925,0.68092,0.6188,0.3081
1694787842484375,-9.481014,0.794263,2.398925,0.68092,0.6188,0.4681
1694787842492187,-9.465014,0.794263,2.393925,0.66192,0.5188,0.3381
1694787842500000,-9.461014,0.807263,2.393925,0.73792,0.688,0.5081
1694787842507812,-9.450014,0.805263,2.398925,0.66492,0.112,0.4781
1694787842515625,-9.427014,0.802263,2.427925,0.68092,0.8312,0.3081
1694787842523437,-9.425014,0.820263,2.434925,0.63292,0.4788,0.6381
1694787842531250,-9.418014,0.827263,2.429925,0.65692,0.5788,0.6881
1694787842539062,-9.414014,0.822263,2.441925,0.69092,0.4312,0.6681
1694787842546875,-9.412014,0.833263,2.436925,0.67392,0.4112,0.5181
1694787842554687,-9.407014,0.822263,2.434925,0.59992,0.1612,0.9681
1694787842562500,-9.412014,0.817263,2.430925,0.63292,0.3088,0.6381
1694787842570312,-9.427014,0.817263,2.432925,0.47792,0.2012,0.3281
1694787842578125,-9.445014,0.818263,2.414925,0.47692,0.8412,0.4881
1694787842585937,-9.479014,0.803263,2.391925,0.47992,0.8812,0.1481
1694787842593750,-9.503014,0.806263,2.380925,0.45592,0.7612,0.6881
1694787842601562,-9.515014,0.799263,2.371925,0.56692,0.1412,0.9881
1694787842609375,-9.535014,0.806263,2.376925,0.57292,0.1088,0.6281
1694787842617187,-9.537014,0.799263,2.398925,0.52292,0.3088,0.3281
1694787842625000,-9.537014,0.795263,2.407925,0.61792,0.11088,0.4781
1694787842632812,-9.526014,0.781263,2.378925,0.53592,0.1888,0.5081
1694787842640625,-9.509014,0.763263,2.369925,0.45692,0.3688,0.3681
1694787842648437,-9.491014,0.759263,2.371925,0.47192,0.10188,0.5281
1694787842656250,-9.482014,0.747263,2.387925,0.51992,0.13588,0.481
1694787842664062,-9.455014,0.743263,2.387925,0.50692,0.4988,0.1319
1694787842671875,-9.449014,0.736263,2.394925,0.60392,0.2888,0.1719
1694787842679687,-9.448014,0.727263,2.405925,0.65092,0.2888,0.1481
1694787842687500,-9.442014,0.738263,2.405925,0.63092,0.5388,0.2919
1694787842695312,-9.444014,0.745263,2.414925,0.69692,0.1488,0.3319
1694787842703125,-9.440014,0.753263,2.421925,0.72692,0.1688,0.0
1694787842710937,-9.433014,0.764263,2.427925,0.56892,0.1688,0.3381
1694787842718750,-9.438014,0.776263,2.420925,0.62692,0.788,0.5281
1694787842726562,-9.438014,0.771263,2.429925,0.64392,0.5912,0.5081
1694787842734375,-9.422014,0.764263,2.432925,0.67792,0.1412,0.3281
1694787842742187,-9.406014,0.773263,2.432925,0.67592,0.6112,0.8181
1694787842750000,-9.413014,0.775263,2.430925,0.57492,0.5712,0.2881
1694787842757812,-9.424014,0.764263,2.430925,0.57192,0.15112,0.9481
1694787842765625,-9.440014,0.775263,2.441925,0.70092,0.18812,0.4281
1694787842773437,-9.469014,0.763263,2.423925,0.66392,0.6512,0.3181
1694787842781250,-9.492014,0.761263,2.411925,0.72492,0.14512,0.9581
1694787842789062,-9.512014,0.743263,2.412925,0.70992,0.11712,0.17481
1694787842796875,-9.525014,0.741263,2.405925,0.72492,0.5112,0.17481
1694787842804687,-9.536014,0.753263,2.389925,0.69492,0.5112,0.12681
1694787842812500,-9.539014,0.755263,2.380925,0.64392,0.11012,0.11381
1694787842820312,-9.532014,0.761263,2.376925,0.58792,0.5512,0.10981
1694787842828125,-9.537014,0.762263,2.385925,0.61592,0.1688,0.6481
1694787842835937,-9.527014,0.757263,2.400925,0.56892,0.1688,0.4981
1694787842843750,-9.516014,0.746263,2.389925,0.45692,0.2912,0.6881
1694787842851562,-9.518014,0.737263,2.387925,0.47392,0.188,0.5181
1694787842859375,-9.514014,0.723263,2.407925,0.46292,0.2688,0.3181
1694787842867187,-9.518014,0.723263,2.391925,0.48092,0.4088,0.1481
1694787842875000,-9.522014,0.726263,2.418925,0.56792,0.1412,0.5081
1694787842882812,-9.518014,0.743263,2.436925,0.66592,0.2888,0.4681
1694787842890625,-9.507014,0.739263,2.425925,0.63592,0.2012,0.119
1694787842898437,-9.487014,0.741263,2.434925,0.60392,0.3188,0.6419
1694787842906250,-9.475014,0.727263,2.441925,0.60192,0.4988,0.6319
1694787842914062,-9.471014,0.727263,2.429925,0.53792,0.1888,0.1319
1694787842921875,-9.464014,0.712263,2.416925,0.52092,0.3488,0.1881
1694787842929687,-9.457014,0.696263,2.423925,0.53992,0.6588,0.7819
1694787842937500,-9.453014,0.707263,2.416925,0.44792,0.5988,0.0
1694787842945312,-9.451014,0.704263,2.425925,0.48292,0.8688,0.1281
1694787842953125,-9.464014,0.707263,2.425925,0.46592,0.18688,0.3319
1694787842960937,-9.464014,0.705263,2.409925,0.47892,0.5988,0.1581
1694787842968750,-9.468014,0.705263,2.407925,0.56892,0.3288,0.4981
1694787842976562,-9.473014,0.687263,2.409925,0.66392,0.3088,0.4781
1694787842984375,-9.466014,0.694263,2.412925,0.60292,0.4588,0.3181
1694787842992187,-9.468014,0.676263,2.409925,0.64592,0.8388,0.4981
1694787843000000,-9.467014,0.661263,2.411925,0.67192,0.14188,0.2181
1694787843007812,-9.454014,0.660263,2.396925,0.72492,0.13388,0.1419
1694787843015625,-9.449014,0.658263,2.398925,0.70892,0.8488,0.1781
1694787843023437,-9.447014,0.660263,2.393925,0.72792,0.6688,0.6419
1694787843031250,-9.445014,0.658263,2.391925,0.69392,0.9888,0.6481
1694787843039062,-9.454014,0.665263,2.391925,0.71292,0.4788,0.1719
1694787843046875,-9.468014,0.665263,2.373925,0.72992,0.4588,0.3419
1694787843054687,-9.477014,0.683263,2.362925,0.77792,0.6088,0.3519
1694787843062500,-9.486014,0.687263,2.353925,0.77692,0.2988,0.3519
1694787843070312,-9.497014,0.703263,2.362925,0.70892,0.10088,0.181
1694787843078125,-9.507014,0.710263,2.376925,0.80792,0.6288,0.1919
1694787843085937,-9.507014,0.717263,2.376925,0.85492,0.7888,0.1919
1694787843093750,-9.500014,0.723263,2.373925,0.80492,0.8288,0.3319
1694787843101562,-9.498014,0.726263,2.378925,0.73992,0.6988,0.1419
1694787843109375,-9.482014,0.716263,2.371925,0.84892,0.8688,0.3281
1694787843117187,-9.466014,0.725263,2.391925,0.78992,0.4988,0.1719
1694787843125000,-9.444014,0.722263,2.403925,0.80792,0.6288,0.1919
1694787843132812,-9.431014,0.720263,2.407925,0.87292,0.4188,0.2219
1694787843140625,-9.426014,0.709263,2.407925,0.79592,0.712,0.3719
1694787843148437,-9.428014,0.722263,2.405925,0.72892,0.1288,0.1381
1694787843156250,-9.419014,0.726263,2.430925,0.81992,0.1612,0.4681
1694787843164062,-9.433014,0.718263,2.427925,0.79392,0.2788,0.3619
1694787843171875,-9.435014,0.718263,2.420925,0.84892,0.5912,0.1681
1694787843179687,-9.444014,0.738263,2.398925,0.84292,0.8912,0.619
1694787843187500,-9.449014,0.742263,2.409925,0.77592,0.6412,0.9819
1694787843195312,-9.458014,0.745263,2.416925,0.71492,0.9912,0.8219
1694787843203125,-9.465014,0.760263,2.409925,0.72892,0.4812,0.6519
1694787843210937,-9.467014,0.754263,2.421925,0.71392,0.6412,0.9719
1694787843218750,-9.483014,0.763263,2.411925,0.71292,0.2912,0.12819
1694787843226562,-9.488014,0.774263,2.400925,0.73292,0.712,0.5219
1694787843234375,-9.496014,0.756263,2.401925,0.70492,0.4412,0.5419
1694787843242187,-9.505014,0.761263,2.418925,0.71392,0.1712,0.8119
1694787843250000,-9.507014,0.759263,2.403925,0.72992,0.4812,0.11319
1694787843257812,-9.503014,0.761263,2.394925,0.69792,0.6412,0.8119
1694787843265625,-9.501014,0.750263,2.392925,0.62692,0.1112,0.10119
1694787843273437,-9.501014,0.759263,2.371925,0.71592,0.6088,0.8319
1694787843281250,-9.500014,0.750263,2.382925,0.60192,0.6888,0.9419
1694787843289062,-9.498014,0.750263,2.376925,0.55992,0.6288,0.14419
1694787843296875,-9.494014,0.756263,2.384925,0.63392,0.8488,0.15819
1694787843304687,-9.494014,0.761263,2.382925,0.52292,0.8488,0.10919
1694787843312500,-9.496014,0.763263,2.375925,0.49192,0.5188,0.7619
1694787843320312,-9.492014,0.774263,2.378925,0.47292,0.10488,0.5819
1694787843328125,-9.476014,0.772263,2.389925,0.46592,0.4388,0.8019
1694787843335937,-9.481014,0.772263,2.400925,0.48092,0.9288,0.9619
1694787843343750,-9.469014,0.765263,2.418925,0.49592,0.6188,0.9519
1694787843351562,-9.465014,0.765263,2.398925,0.51992,0.8888,0.7519
1694787843359375,-9.449014,0.753263,2.409925,0.54392,0.7688,0.9719
1694787843367187,-9.444014,0.747263,2.409925,0.46592,0.4188,0.4919
1694787843375000,-9.435014,0.736263,2.409925,0.47792,0.6512,0.6219
1694787843382812,-9.428014,0.713263,2.398925,0.46292,0.1488,0.9419
1694787843390625,-9.435014,0.713263,2.387925,0.47792,0.3388,0.10919
1694787843398437,-9.426014,0.715263,2.398925,0.46292,0.4788,0.7819
1694787843406250,-9.444014,0.720263,2.400925,0.53692,0.5388,0.7619
1694787843414062,-9.455014,0.727263,2.398925,0.52992,0.712,0.9819
1694787843421875,-9.469014,0.736263,2.425925,0.59192,0.712,0.5119
1694787843429687,-9.485014,0.736263,2.427925,0.58992,0.512,0.1819
1694787843437500,-9.478014,0.745263,2.454925,0.55592,0.3388,0.7819
1694787843445312,-9.482014,0.741263,2.443925,0.60392,0.1512,0.9519
1694787843453125,-9.482014,0.730263,2.434925,0.57092,0.3012,0.9419
1694787843460937,-9.494014,0.725263,2.416925,0.48492,0.488,0.5119
1694787843468750,-9.487014,0.716263,2.398925,0.55792,0.1288,0.4819
1694787843476562,-9.477014,0.703263,2.393925,0.53892,0.3288,0.181
1694787843484375,-9.480014,0.703263,2.387925,0.52792,0.5988,0.4919
1694787843492187,-9.475014,0.694263,2.380925,0.61592,0.2088,0.7719
1694787843500000,-9.463014,0.689263,2.375925,0.56992,0.3588,0.7719
1694787843507812,-9.466014,0.678263,2.385925,0.66692,0.6488,0.9619
1694787843515625,-9.479014,0.694263,2.382925,0.68392,0.4588,0.9819
1694787843523437,-9.473014,0.694263,2.396925,0.71692,0.1188,0.8319
1694787843531250,-9.468014,0.705263,2.394925,0.72992,0.2988,0.5019
1694787843539062,-9.473014,0.714263,2.411925,0.71192,0.1988,0.9519
1694787843546875,-9.475014,0.725263,2.423925,0.71492,0.4588,0.6619
1694787843554687,-9.489014,0.738263,2.441925,0.73392,0.988,0.10019
1694787843562500,-9.493014,0.748263,2.468925,0.70892,0.7288,0.9319
1694787843570312,-9.496014,0.743263,2.450925,0.72892,0.6412,0.8119
1694787843578125,-9.491014,0.741263,2.452925,0.71492,0.8312,0.11419
1694787843585937,-9.484014,0.732263,2.441925,0.72792,0.1312,0.9619
1694787843593750,-9.466014,0.723263,2.434925,0.74592,0.6488,0.11319
1694787843601562,-9.453014,0.711263,2.425925,0.73292,0.5612,0.5319
1694787843609375,-9.450014,0.705263,2.396925,0.77592,0.3412,0.1819
1694787843617187,-9.444014,0.700263,2.398925,0.71592,0.5212,0.6719
1694787843625000,-9.441014,0.702263,2.393925,0.71092,0.4612,0.1519
1694787843632812,-9.462014,0.705263,2.396925,0.75992,0.6412,0.4919
1694787843640625,-9.466014,0.709263,2.393925,0.75892,0.1688,0.4919
1694787843648437,-9.464014,0.718263,2.393925,0.71192,0.4988,0.6419
1694787843656250,-9.468014,0.725263,2.405925,0.72692,0.2188,0.15919
1694787843664062,-9.475014,0.736263,2.416925,0.71092,0.1112,0.12719
1694787843671875,-9.478014,0.747263,2.430925,0.73392,0.3512,0.19519
1694787843679687,-9.482014,0.739263,2.434925,0.74492,0.2912,0.16019
1694787843687500,-9.487014,0.756263,2.439925,0.71592,0.9912,0.13019
1694787843695312,-9.492014,0.758263,2.437925,0.73592,0.7412,0.10219
1694787843703125,-9.496014,0.763263,2.430925,0.71592,0.5012,0.17819
1694787843710937,-9.478014,0.756263,2.432925,0.73692,0.10512,0.23019
1694787843718750,-9.483014,0.763263,2.429925,0.71392,0.4612,0.17619
1694787843726562,-9.494014,0.752263,2.432925,0.72992,0.7812,0.20819
1694787843734375,-9.485014,0.747263,2.427925,0.74592,0.9712,0.12919
1694787843742187,-9.487014,0.745263,2.418925,0.71792,0.3812,0.11619
1694787843750000,-9.487014,0.741263,2.416925,0.73692,0.3912,0.21319
1694787843757812,-9.469014,0.738263,2.416925,0.63692,0.5088,0.22319
1694787843765625,-9.449014,0.738263,2.409925,0.71492,0.6688,0.19219
1694787843773437,-9.446014,0.736263,2.420925,0.64992,0.8488,0.15819
1694787843781250,-9.442014,0.745263,2.418925,0.69492,0.3988,0.15719
1694787843789062,-9.442014,0.756263,2.418925,0.67192,0.2112,0.17919
1694787843796875,-9.444014,0.760263,2.411925,0.58792,0.3588,0.19019
1694787843804687,-9.456014,0.763263,2.407925,0.54192,0.1512,0.14319
1694787843812500,-9.472014,0.769263,2.430925,0.52692,0.3212,0.17519
1694787843820312,-9.471014,0.765263,2.411925,0.55292,0.712,0.15519
1694787843828125,-9.483014,0.765263,2.412925,0.52892,0.2988,0.19219
1694787843835937,-9.483014,0.772263,2.414925,0.54092,0.4612,0.17419
1694787843843750,-9.485014,0.754263,2.405925,0.51392,0.2988,0.20819
1694787843851562,-9.492014,0.763263,2.409925,0.63692,0.6212,0.22319
1694787843859375,-9.491014,0.754263,2.402925,0.67992,0.2512,0.20519
1694787843867187,-9.489014,0.752263,2.393925,0.54192,0.3588,0.22119
1694787843875000,-9.491014,0.752263,2.400925,0.68392,0.1788,0.20819
1694787843882812,-9.489014,0.739263,2.414925,0.73092,0.188,0.22519
1694787843890625,-9.471014,0.752263,2.398925,0.57792,0.512,0.21019
1694787843898437,-9.469014,0.754263,2.394925,0.68592,0.1588,0.22519
1694787843906250,-9.465014,0.758263,2.394925,0.54492,0.2988,0.19219
1694787843914062,-9.460014,0.774263,2.396925,0.52292,0.5388,0.14019
1694787843921875,-9.456014,0.789263,2.394925,0.52992,0.4588,0.22419
1694787843929687,-9.472014,0.796263,2.409925,0.59292,0.7888,0.24119
1694787843937500,-9.474014,0.796263,2.414925,0.54392,0.6488,0.23919
1694787843945312,-9.469014,0.796263,2.391925,0.52092,0.5988,0.21719
1694787843953125,-9.472014,0.816263,2.412925,0.49392,0.8488,0.20519
1694787843960937,-9.466014,0.829263,2.412925,0.47992,0.8288,0.22119
1694787843968750,-9.459014,0.816263,2.412925,0.50992,0.8488,0.20519
1694787843976562,-9.463014,0.809263,2.409925,0.46592,0.4788,0.20619
1694787843984375,-9.463014,0.812263,2.416925,0.49492,0.3588,0.22119
1694787843992187,-9.461014,0.823263,2.405925,0.47692,0.3788,0.20419
1694787844000000,-9.454014,0.809263,2.407925,0.45992,0.3988,0.20219
1694787844007812,-9.452014,0.800263,2.414925,0.47692,0.2812,0.14019
1694787844015625,-9.447014,0.802263,2.427925,0.49692,0.6612,0.17619
1694787844023437,-9.445014,0.809263,2.414925,0.46392,0.7912,0.23719
1694787844031250,-9.447014,0.813263,2.416925,0.47992,0.3212,0.17419
1694787844039062,-9.456014,0.809263,2.423925,0.47892,0.3012,0.18919
1694787844046875,-9.465014,0.814263,2.411925,0.46292,0.7912,0.17319
1694787844054687,-9.468014,0.818263,2.389925,0.44492,0.4712,0.7719
1694787844062500,-9.484014,0.825263,2.373925,0.46692,0.1912,0.17619
1694787844070312,-9.486014,0.830263,2.394925,0.41592,0.3212,0.12519
1694787844078125,-9.488014,0.827263,2.389925,0.38492,0.4912,0.10919
1694787844085937,-9.497014,0.816263,2.378925,0.38592,0.112,0.14219
1694787844093750,-9.504014,0.825263,2.389925,0.49492,0.1812,0.11119
1694787844101562,-9.501014,0.821263,2.380925,0.42992,0.2088,0.18719
1694787844109375,-9.510014,0.814263,2.396925,0.46492,0.8312,0.15919
1694787844117187,-9.504014,0.817263,2.394925,0.47992,0.1788,0.22219
1694787844125000,-9.506014,0.812263,2.407925,0.46492,0.9688,0.17419
1694787844132812,-9.501014,0.792263,2.407925,0.47792,0.1888,0.14119
1694787844140625,-9.494014,0.801263,2.393925,0.45592,0.8312,0.19919
1694787844148437,-9.485014,0.796263,2.391925,0.49092,0.5612,0.21919
1694787844156250,-9.477014,0.814263,2.382925,0.57592,0.5012,0.19219
1694787844164062,-9.450014,0.813263,2.389925,0.54192,0.1688,0.14219
1694787844171875,-9.459014,0.816263,2.384925,0.55592,0.288,0.12619
1694787844179687,-9.454014,0.818263,2.378925,0.63592,0.1512,0.16019
1694787844187500,-9.452014,0.816263,2.394925,0.69792,0.4812,0.11319
1694787844195312,-9.459014,0.827263,2.396925,0.65892,0.2212,0.7519
1694787844203125,-9.457014,0.820263,2.394925,0.69892,0.0,0.9719
1694787844210937,-9.454014,0.814263,2.396925,0.58592,0.12612,0.7819
1694787844218750,-9.456014,0.809263,2.394925,0.47792,0.3212,0.9419
1694787844226562,-9.456014,0.811263,2.398925,0.58792,0.10912,0.20619
1694787844234375,-9.468014,0.818263,2.391925,0.58892,0.7912,0.19119
1694787844242187,-9.479014,0.819263,2.366925,0.62992,0.512,0.15519
1694787844250000,-9.492014,0.819263,2.371925,0.64592,0.12188,0.10819
1694787844257812,-9.499014,0.825263,2.400925,0.73092,0.6688,0.22419
1694787844265625,-9.500014,0.836263,2.425925,0.71592,0.7888,0.13019
1694787844273437,-9.484014,0.841263,2.427925,0.72792,0.1988,0.12719
1694787844281250,-9.466014,0.847263,2.414925,0.71392,0.88,0.11219
1694787844289062,-9.463014,0.840263,2.382925,0.71092,0.9312,0.7919
1694787844296875,-9.457014,0.827263,2.369925,0.71292,0.1512,0.9619
1694787844304687,-9.436014,0.798263,2.367925,0.72892,0.3188,0.6519
1694787844312500,-9.429014,0.798263,2.360925,0.71292,0.1788,0.9619
1694787844320312,-9.431014,0.798263,2.366925,0.72692,0.1312,0.8019
1694787844328125,-9.452014,0.794263,2.369925,0.71392,0.4988,0.12819
1694787844335937,-9.451014,0.787263,2.366925,0.72192,0.7688,0.9119
1694787844343750,-9.452014,0.796263,2.378925,0.69492,0.2512,0.14119
1694787844351562,-9.454014,0.794263,2.373925,0.71492,0.3112,0.16119
1694787844359375,-9.456014,0.803263,2.357925,0.72892,0.14412,0.9719
1694787844367187,-9.461014,0.807263,2.360925,0.71192,0.20812,0.9619
1694787844375000,-9.463014,0.816263,2.348925,0.66692,0.13012,0.9719
1694787844382812,-9.452014,0.820263,2.346925,0.71492,0.14812,0.8219
1694787844390625,-9.450014,0.842263,2.366925,0.72792,0.19112,0.9619
1694787844398437,-9.461014,0.843263,2.362925,0.69592,0.19212,0.6419
1694787844406250,-9.459014,0.836263,2.364925,0.71492,0.19812,0.6719
1694787844414062,-9.450014,0.840263,2.380925,0.72892,0.16112,0.11319
1694787844421875,-9.434014,0.835263,2.387925,0.72892,0.17712,0.9719
1694787844429687,-9.438014,0.829263,2.378925,0.62992,0.20412,0.6119
1694787844437500,-9.450014,0.840263,2.371925,0.57992,0.21412,0.7319
1694787844445312,-9.466014,0.838263,2.373925,0.66592,0.19312,0.9619
1694787844453125,-9.473014,0.838263,2.385925,0.68792,0.20412,0.8519
1694787844460937,-9.481014,0.834263,2.385925,0.63492,0.17912,0.6519
1694787844468750,-9.486014,0.827263,2.373925,0.62092,0.17912,0.11319
1694787844476562,-9.502014,0.825263,2.387925,0.58992,0.21412,0.9819
1694787844484375,-9.502014,0.832263,2.375925,0.50792,0.16112,0.6219
1694787844492187,-9.502014,0.832263,2.375925,0.50692,0.22312,0.7719
1694787844500000,-9.501014,0.830263,2.378925,0.53692,0.10812,0.4419
1694787844507812,-9.499014,0.819263,2.393925,0.50892,0.14512,0.11019
1694787844515625,-9.490014,0.812263,2.398925,0.50792,0.11012,0.14119
1694787844523437,-9.492014,0.807263,2.387925,0.49692,0.16712,0.9719
1694787844531250,-9.486014,0.810263,2.389925,0.58792,0.19412,0.12719
1694787844539062,-9.494014,0.814263,2.373925,0.50692,0.19012,0.10819
1694787844546875,-9.481014,0.825263,2.362925,0.50592,0.14112,0.7619
1694787844554687,-9.495014,0.834263,2.364925,0.66292,0.24112,0.0
1694787844562500,-9.492014,0.819263,2.373925,0.69392,0.4412,0.3019
1694787844570312,-9.501014,0.814263,2.366925,0.67792,0.8912,0.12519
1694787844578125,-9.508014,0.826263,2.344925,0.72092,0.13412,0.5919
1694787844585937,-9.519014,0.832263,2.346925,0.71092,0.12412,0.14219
1694787844593750,-9.499014,0.830263,2.346925,0.72092,0.10212,0.5919
1694787844601562,-9.504014,0.832263,2.342925,0.70792,0.12212,0.6119
1694787844609375,-9.501014,0.821263,2.330925,0.72092,0.8512,0.7519
1694787844617187,-9.501014,0.828263,2.330925,0.70392,0.10012,0.7419
1694787844625000,-9.492014,0.830263,2.326925,0.70792,0.12212,0.2919
1694787844632812,-9.488014,0.830263,2.328925,0.70492,0.15112,0.4319
1694787844640625,-9.504014,0.814263,2.315925,0.71192,0.9512,0.6419
1694787844648437,-9.488014,0.812263,2.315925,0.72492,0.10512,0.10919
1694787844656250,-9.490014,0.810263,2.326925,0.71192,0.16112,0.6419
1694787844664062,-9.492014,0.823263,2.328925,0.72292,0.16912,0.4519
1694787844671875,-9.496014,0.810263,2.335925,0.70292,0.11412,0.5719
1694787844679687,-9.496014,0.806263,2.339925,0.72192,0.3612,0.13919
1694787844687500,-9.499014,0.834263,2.357925,0.69192,0.5788,0.10819
1694787844695312,-9.493014,0.848263,2.380925,0.67692,0.9088,0.15519
1694787844703125,-9.493014,0.865263,2.369925,0.70492,0.2888,0.7419
1694787844710937,-9.493014,0.854263,2.371925,0.72792,0.6888,0.12719
1694787844718750,-9.488014,0.861263,2.375925,0.70892,0.5788,0.14019
1694787844726562,-9.491014,0.868263,2.364925,0.70592,0.1088,0.4319
1694787844734375,-9.484014,0.865263,2.357925,0.72692,0.488,0.11119
1694787844742187,-9.479014,0.865263,2.353925,0.70492,0.1488,0.12119
1694787844750000,-9.484014,0.854263,2.337925,0.72392,0.2588,0.10819
1694787844757812,-9.484014,0.850263,2.328925,0.73592,0.4588,0.7419
1694787844765625,-9.481014,0.843263,2.330925,0.70392,0.4588,0.5819
1694787844773437,-9.483014,0.825263,2.364925,0.72192,0.7388,0.1219
1694787844781250,-9.477014,0.827263,2.335925,0.70492,0.5988,0.2719
1694787844789062,-9.463014,0.838263,2.337925,0.70492,0.2988,0.9019
1694787844796875,-9.463014,0.838263,2.339925,0.71792,0.1612,0.4119
1694787844804687,-9.463014,0.836263,2.335925,0.69092,0.5788,0.6019
1694787844812500,-9.466014,0.847263,2.342925,0.70592,0.1088,0.7519
1694787844820312,-9.488014,0.850263,2.330925,0.72392,0.4188,0.10819
1694787844828125,-9.499014,0.848263,2.333925,0.70892,0.3988,0.7719
1694787844835937,-9.502014,0.852263,2.344925,0.72092,0.5988,0.4319
1694787844843750,-9.509014,0.850263,2.326925,0.71092,0.1888,0.4719
1694787844851562,-9.508014,0.843263,2.328925,0.72592,0.3788,0.9419
1694787844859375,-9.502014,0.850263,2.328925,0.70192,0.6388,0.2519
1694787844867187,-9.488014,0.852263,2.328925,0.75492,0.7488,0.10819
1694787844875000,-9.481014,0.848263,2.332925,0.85992,0.9488,0.2719
1694787844882812,-9.475014,0.849263,2.328925,0.88392,0.3588,0.9719
1694787844890625,-9.482014,0.847263,2.328925,0.78692,0.2612,0.6219
1694787844898437,-9.484014,0.847263,2.315925,0.71392,0.112,0.4919
1694787844906250,-9.486014,0.843263,2.317925,0.72392,0.5788,0.10819
1694787844914062,-9.493014,0.854263,2.321925,0.69492,0.288,0.3119
1694787844921875,-9.505014,0.865263,2.322925,0.64992,0.6188,0.1481
1694787844929687,-9.493014,0.870263,2.306925,0.70992,0.8488,0.1419
1694787844937500,-9.491014,0.863263,2.317925,0.67892,0.10088,0.6219
1694787844945312,-9.480014,0.878263,2.324925,0.68192,0.4788,0.3219
1694787844953125,-9.475014,0.881263,2.321925,0.63092,0.10288,0.4519
1694787844960937,-9.473014,0.874263,2.324925,0.55092,0.5588,0.5919
1694787844968750,-9.473014,0.891263,2.322925,0.55492,0.3288,0.4619
1694787844976562,-9.476014,0.889263,2.324925,0.57092,0.4988,0.6219
1694787844984375,-9.467014,0.894263,2.335925,0.64892,0.3388,0.4719
1694787844992187,-9.460014,0.900263,2.358925,0.68092,0.4988,0.6419
1694787845000000,-9.433014,0.891263,2.362925,0.70892,0.2088,0.3019
1694787845007812,-9.431014,0.882263,2.358925,0.58792,0.1812,0.4819
1694787845015625,-9.421014,0.875263,2.360925,0.61692,0.1888,0.6219
1694787845023437,-9.433014,0.866263,2.378925,0.62292,0.7112,0.5119
1694787845031250,-9.444014,0.864263,2.367925,0.48092,0.2212,0.6519
1694787845039062,-9.464014,0.867263,2.335925,0.49592,0.10212,0.6519
1694787845046875,-9.477014,0.865263,2.339925,0.46092,0.6312,0.9319
1694787845054687,-9.482014,0.858263,2.348925,0.45992,0.6112,0.7619
1694787845062500,-9.500014,0.848263,2.328925,0.48092,0.4812,0.20619
1694787845070312,-9.524014,0.846263,2.306925,0.49092,0.3988,0.18719
1694787845078125,-9.538014,0.837263,2.290925,0.68392,0.6612,0.9719
1694787845085937,-9.556014,0.822263,2.288925,0.72992,0.0,0.8119
1694787845093750,-9.560014,0.829263,2.308925,0.72692,0.5188,0.9519
1694787845101562,-9.556014,0.833263,2.317925,0.74492,0.8088,0.9719
1694787845109375,-9.551014,0.828263,2.330925,0.83492,0.6888,0.0
1694787845117187,-9.522014,0.841263,2.326925,0.81892,0.8288,0.4681
1694787845125000,-9.502014,0.841263,2.324925,0.93192,0.6488,0.319
1694787845132812,-9.477014,0.834263,2.321925,0.77192,0.8288,0.4781
1694787845140625,-9.463014,0.823263,2.321925,0.84892,0.12188,0.6219
1694787845148437,-9.468014,0.832263,2.326925,0.78292,0.10688,0.1981
1694787845156250,-9.450014,0.827263,2.319925,0.81492,0.5588,0.8181
1694787845164062,-9.448014,0.827263,2.317925,0.91392,0.9888,0.2981
1694787845171875,-9.454014,0.836263,2.323925,0.90792,0.10888,0.1881
1694787845179687,-9.448014,0.849263,2.350925,0.90492,0.11288,0.3781
1694787845187500,-9.452014,0.847263,2.353925,0.92792,0.13388,0.4781
1694787845195312,-9.466014,0.863263,2.353925,0.96192,0.6688,0.219
1694787845203125,-9.466014,0.867263,2.360925,0.97592,0.8488,0.119
1694787845210937,-9.475014,0.872263,2.360925,0.93092,0.1488,0.4481
1694787845218750,-9.473014,0.896263,2.342925,0.94492,0.1688,0.7781
1694787845226562,-9.483014,0.900263,2.337925,0.85492,0.1912,0.419
1694787845234375,-9.487014,0.910263,2.346925,0.83292,0.13588,0.181
1694787845242187,-9.489014,0.914263,2.342925,0.79992,0.688,0.4981
1694787845250000,-9.494014,0.923263,2.317925,0.74192,0.3012,0.0
1694787845257812,-9.492014,0.934263,2.331925,0.78892,0.3388,0.3081
1694787845265625,-9.494014,0.921263,2.344925,0.68892,0.812,0.5181
1694787845273437,-9.492014,0.914263,2.333925,0.67692,0.6112,0.4981
1694787845281250,-9.494014,0.894263,2.344925,0.64592,0.12612,0.3381
1694787845289062,-9.482014,0.883263,2.326925,0.58592,0.13112,0.1581
1694787845296875,-9.477014,0.863263,2.322925,0.52392,0.5112,0.4881
1694787845304687,-9.471014,0.856263,2.324925,0.52292,0.9612,0.3019
1694787845312500,-9.450014,0.865263,2.303925,0.53892,0.9312,0.9319
1694787845320312,-9.448014,0.869263,2.295925,0.55992,0.5412,0.5019
1694787845328125,-9.455014,0.862263,2.283925,0.46492,0.5212,0.8019
1694787845335937,-9.450014,0.867263,2.279925,0.47492,0.1212,0.9219
1694787845343750,-9.459014,0.851263,2.294925,0.46192,0.6312,0.14119
1694787845351562,-9.477014,0.849263,2.292925,0.47792,0.3788,0.22019
1694787845359375,-9.502014,0.856263,2.306925,0.46192,0.6588,0.12519
1694787845367187,-9.511014,0.861263,2.319925,0.42992,0.6788,0.14019
1694787845375000,-9.531014,0.868263,2.324925,0.49392,0.8488,0.18819
1694787845382812,-9.529014,0.866263,2.324925,0.40992,0.7388,0.12119
1694787845390625,-9.536014,0.866263,2.333925,0.45792,0.7188,0.9019
1694787845398437,-9.527014,0.872263,2.337925,0.47292,0.3888,0.4219
1694787845406250,-9.509014,0.861263,2.330925,0.45992,0.1888,0.6019
1694787845414062,-9.502014,0.861263,2.326925,0.46592,0.7388,0.4919
1694787845421875,-9.488014,0.836263,2.326925,0.54992,0.4112,0.2719
1694787845429687,-9.481014,0.818263,2.317925,0.66292,0.288,0.1519
1694787845437500,-9.474014,0.799263,2.308925,0.59392,0.2012,0.919
1694787845445312,-9.460014,0.794263,2.310925,0.57992,0.612,0.4219
1694787845453125,-9.467014,0.783263,2.299925,0.64492,0.8688,0.281
1694787845460937,-9.474014,0.794263,2.290925,0.69292,0.6788,0.4981
1694787845468750,-9.463014,0.787263,2.290925,0.67492,0.13988,0.4319
1694787845476562,-9.472014,0.805263,2.296925,0.70392,0.17488,0.2619
1694787845484375,-9.485014,0.825263,2.299925,0.71692,0.12688,0.5481
1694787845492187,-9.486014,0.841263,2.312925,0.71092,0.6588,0.0
1694787845500000,-9.507014,0.859263,2.326925,0.67792,0.8488,0.181
1694787845507812,-9.518014,0.861263,2.328925,0.68892,0.10488,0.8381
1694787845515625,-9.522014,0.875263,2.333925,0.71892,0.9288,0.5381
1694787845523437,-9.525014,0.870263,2.351925,0.70992,0.6588,0.4881
1694787845531250,-9.527014,0.868263,2.353925,0.72292,0.2612,0.3481
1694787845539062,-9.506014,0.859263,2.357925,0.70792,0.8688,0.281
1694787845546875,-9.502014,0.843263,2.357925,0.72092,0.4188,0.1981
1694787845554687,-9.490014,0.843263,2.359925,0.70092,0.6388,0.5481
1694787845562500,-9.477014,0.836263,2.357925,0.70892,0.3488,0.3281
1694787845570312,-9.468014,0.838263,2.346925,0.72492,0.1888,0.1681
1694787845578125,-9.459014,0.840263,2.353925,0.70892,0.4988,0.11281
1694787845585937,-9.450014,0.844263,2.353925,0.70992,0.6388,0.7981
1694787845593750,-9.450014,0.833263,2.351925,0.71192,0.11088,0.6281
1694787845601562,-9.437014,0.849263,2.355925,0.73292,0.2288,0.2681
1694787845609375,-9.448014,0.846263,2.360925,0.70092,0.3988,0.4381
1694787845617187,-9.446014,0.851263,2.353925,0.66392,0.8088,0.3181
1694787845625000,-9.464014,0.849263,2.353925,0.63292,0.6388,0.4781
1694787845632812,-9.479014,0.847263,2.353925,0.70892,0.8488,0.3381
1694787845640625,-9.495014,0.845263,2.346925,0.66692,0.5988,0.4581
1694787845648437,-9.502014,0.843263,2.353925,0.69092,0.16788,0.3481
1694787845656250,-9.504014,0.841263,2.346925,0.72492,0.8488,0.81
1694787845664062,-9.511014,0.843263,2.337925,0.70892,0.6788,0.1681
1694787845671875,-9.511014,0.843263,2.344925,0.72392,0.3488,0.4881
1694787845679687,-9.502014,0.852263,2.358925,0.71292,0.2888,0.4581
1694787845687500,-9.502014,0.834263,2.355925,0.70592,0.5588,0.3481
1694787845695312,-9.502014,0.843263,2.358925,0.71292,0.7888,0.1481
1694787845703125,-9.500014,0.836263,2.355925,0.71192,0.7888,0.4681
1694787845710937,-9.486014,0.825263,2.355925,0.70592,0.8888,0.3581
1694787845718750,-9.477014,0.821263,2.364925,0.70592,0.8888,0.5181
1694787845726562,-9.474014,0.810263,2.373925,0.72192,0.3888,0.3481
1694787845734375,-9.463014,0.814263,2.366925,0.70692,0.16788,0.5081
1694787845742187,-9.468014,0.821263,2.351925,0.72092,0.10488,0.6781
1694787845750000,-9.459014,0.814263,2.353925,0.74092,0.19688,0.3281
1694787845757812,-9.461014,0.820263,2.351925,0.70592,0.20288,0.381
1694787845765625,-9.466014,0.829263,2.351925,0.72592,0.16488,0.3119
1694787845773437,-9.472014,0.829263,2.337925,0.70992,0.14788,0.3281
1694787845781250,-9.477014,0.834263,2.357925,0.72192,0.10488,0.3581
1694787845789062,-9.475014,0.849263,2.351925,0.71392,0.9288,0.1381
1694787845796875,-9.459014,0.843263,2.360925,0.72192,0.20088,0.3481
1694787845804687,-9.461014,0.840263,2.367925,0.71092,0.9888,0.3119
1694787845812500,-9.466014,0.832263,2.357925,0.72092,0.13788,0.3581
1694787845820312,-9.470014,0.832263,2.344925,0.70792,0.14988,0.3381
1694787845828125,-9.463014,0.829263,2.339925,0.72092,0.13788,0.6781
1694787845835937,-9.470014,0.841263,2.348925,0.72092,0.10288,0.13081
1694787845843750,-9.482014,0.849263,2.355925,0.78792,0.9688,0.12681
1694787845851562,-9.475014,0.845263,2.344925,0.81392,0.2488,0.6681
1694787845859375,-9.464014,0.856263,2.321925,0.75092,0.5488,0.14681
1694787845867187,-9.464014,0.849263,2.328925,0.73592,0.4088,0.8381
1694787845875000,-9.454014,0.840263,2.321925,0.70492,0.5788,0.5181
1694787845882812,-9.443014,0.827263,2.324925,0.72492,0.288,0.4881
1694787845890625,-9.447014,0.802263,2.324925,0.69492,0.0,0.3181
1694787845898437,-9.467014,0.792263,2.317925,0.67592,0.5388,0.6681
1694787845906250,-9.492014,0.799263,2.324925,0.70992,0.3288,0.4781
1694787845914062,-9.503014,0.801263,2.326925,0.72092,0.5588,0.8281
1694787845921875,-9.501014,0.803263,2.344925,0.73492,0.15388,0.11581
1694787845929687,-9.504014,0.819263,2.366925,0.70592,0.16788,0.8281
1694787845937500,-9.488014,0.812263,2.382925,0.72292,0.19688,0.11281
1694787845945312,-9.490014,0.783263,2.380925,0.68892,0.7188,0.9981
1694787845953125,-9.494014,0.763263,2.357925,0.81592,0.3488,0.15981
1694787845960937,-9.503014,0.759263,2.344925,0.84992,0.4488,0.20481
1694787845968750,-9.496014,0.759263,2.333925,0.93092,0.1088,0.15481
1694787845976562,-9.496014,0.763263,2.326925,0.97192,0.3012,0.23781
1694787845984375,-9.483014,0.756263,2.335925,0.97292,0.4988,0.23781
1694787845992187,-9.478014,0.754263,2.353925,0.102192,0.8088,0.18781
1694787846000000,-9.487014,0.761263,2.346925,0.97092,0.8688,0.15981
1694787846007812,-9.496014,0.754263,2.340925,0.98992,0.17888,0.17381
1694787846015625,-9.516014,0.766263,2.342925,0.98692,0.16888,0.15981
1694787846023437,-9.528014,0.782263,2.355925,0.100292,0.7188,0.11181
1694787846031250,-9.537014,0.788263,2.378925,0.101692,0.8888,0.14381
1694787846039062,-9.535014,0.795263,2.405925,0.110892,0.7388,0.20781
1694787846046875,-9.522014,0.815263,2.409925,0.95292,0.1988,0.30381
1694787846054687,-9.511014,0.825263,2.412925,0.103592,0.12988,0.22081
1694787846062500,-9.484014,0.841263,2.416925,0.104892,0.19888,0.23881
1694787846070312,-9.448014,0.847263,2.416925,0.111292,0.10088,0.18981
1694787846078125,-9.424014,0.851263,2.418925,0.105592,0.5988,0.20181
1694787846085937,-9.401014,0.850263,2.430925,0.100492,0.7988,0.23681
1694787846093750,-9.403014,0.846263,2.416925,0.98592,0.6988,0.20781
1694787846101562,-9.410014,0.835263,2.409925,0.96092,0.7588,0.20281
1694787846109375,-9.414014,0.824263,2.407925,0.96992,0.6988,0.25581
1694787846117187,-9.432014,0.822263,2.409925,0.80092,0.8188,0.20781
1694787846125000,-9.450014,0.822263,2.380925,0.81292,0.1012,0.20981
1694787846132812,-9.483014,0.816263,2.369925,0.70592,0.6788,0.19381
1694787846140625,-9.499014,0.819263,2.362925,0.70792,0.1688,0.17581
1694787846148437,-9.503014,0.823263,2.357925,0.66992,0.2688,0.14981
1694787846156250,-9.511014,0.828263,2.358925,0.64892,0.5988,0.12581
1694787846164062,-9.515014,0.815263,2.364925,0.59892,0.1412,0.6581
1694787846171875,-9.502014,0.825263,2.378925,0.55392,0.1612,0.1781
1694787846179687,-9.506014,0.821263,2.369925,0.57092,0.4812,0.3119
1694787846187500,-9.502014,0.828263,2.387925,0.56892,0.3012,0.1419
1694787846195312,-9.497014,0.832263,2.389925,0.53892,0.6788,0.7719
1694787846203125,-9.481014,0.814263,2.389925,0.48192,0.2488,0.3319
1694787846210937,-9.466014,0.811263,2.409925,0.47992,0.9488,0.9519
1694787846218750,-9.463014,0.800263,2.400925,0.44292,0.6988,0.5919
1694787846226562,-9.438014,0.807263,2.391925,0.35392,0.9488,0.6119
1694787846234375,-9.423014,0.806263,2.403925,0.26192,0.5788,0.1519
1694787846242187,-9.414014,0.806263,2.414925,0.31992,0.6088,0.5081
1694787846250000,-9.398014,0.806263,2.416925,0.25492,0.4888,0.3681
1694787846257812,-9.398014,0.802263,2.411925,0.33392,0.3112,0.1119
1694787846265625,-9.413014,0.791263,2.391925,0.39892,0.5112,0.181
1694787846273437,-9.429014,0.791263,2.389925,0.32992,0.588,0.5481
1694787846281250,-9.460014,0.769263,2.391925,0.35292,0.5312,0.3381
1694787846289062,-9.469014,0.758263,2.387925,0.33892,0.5512,0.0
1694787846296875,-9.492014,0.761263,2.387925,0.27092,0.11312,0.2081
1694787846304687,-9.500014,0.759263,2.384925,0.28592,0.4712,0.5281
1694787846312500,-9.494014,0.761263,2.384925,0.25592,0.9812,0.5181
1694787846320312,-9.496014,0.759263,2.387925,0.30192,0.6412,0.3681
1694787846328125,-9.503014,0.752263,2.387925,0.35192,0.8212,0.4519
1694787846335937,-9.487014,0.741263,2.400925,0.36892,0.13312,0.3019
1694787846343750,-9.480014,0.734263,2.391925,0.37192,0.17012,0.1619
1694787846351562,-9.469014,0.736263,2.387925,0.33392,0.20912,0.2719
1694787846359375,-9.464014,0.725263,2.373925,0.40292,0.13412,0.9619
1694787846367187,-9.448014,0.725263,2.373925,0.40092,0.8312,0.6219
1694787846375000,-9.446014,0.722263,2.384925,0.43092,0.6312,0.12519
1694787846382812,-9.441014,0.727263,2.387925,0.42592,0.2612,0.2619
1694787846390625,-9.464014,0.727263,2.384925,0.42492,0.2088,0.5281
1694787846398437,-9.467014,0.740263,2.385925,0.39792,0.3088,0.3481
1694787846406250,-9.471014,0.754263,2.393925,0.42592,0.5588,0.4219
1694787846414062,-9.478014,0.774263,2.387925,0.36692,0.9688,0.1319
1694787846421875,-9.500014,0.772263,2.391925,0.32792,0.4288,0.881
1694787846429687,-9.514014,0.775263,2.400925,0.41192,0.1888,0.381
1694787846437500,-9.519014,0.763263,2.409925,0.37992,0.6588,0.6781
1694787846445312,-9.523014,0.750263,2.402925,0.42592,0.388,0.2081
1694787846453125,-9.518014,0.732263,2.407925,0.47592,0.4688,0.3381
1694787846460937,-9.516014,0.721263,2.414925,0.45592,0.1012,0.581
1694787846468750,-9.504014,0.712263,2.407925,0.44292,0.3012,0.1981
1694787846476562,-9.495014,0.705263,2.407925,0.47392,0.8388,0.1219
1694787846484375,-9.493014,0.708263,2.389925,0.47292,0.2288,0.4219
1694787846492187,-9.484014,0.705263,2.407925,0.45992,0.188,0.2819
1694787846500000,-9.468014,0.707263,2.420925,0.50292,0.8788,0.1019
1694787846507812,-9.468014,0.705263,2.405925,0.57192,0.8088,0.3119
1694787846515625,-9.468014,0.707263,2.414925,0.61092,0.5988,0.4219
1694787846523437,-9.466014,0.705263,2.418925,0.64192,0.10888,0.1019
1694787846531250,-9.473014,0.707263,2.425925,0.66392,0.5188,0.4619
1694787846539062,-9.479014,0.705263,2.414925,0.55392,0.14788,0.2919
1694787846546875,-9.484014,0.694263,2.400925,0.66392,0.8288,0.1519
1694787846554687,-9.486014,0.697263,2.411925,0.62692,0.13988,0.581
1694787846562500,-9.490014,0.701263,2.407925,0.65392,0.24188,0.5581
1694787846570312,-9.479014,0.708263,2.391925,0.65692,0.18888,0.2181
1694787846578125,-9.466014,0.714263,2.373925,0.70592,0.18488,0.5081
1694787846585937,-9.462014,0.718263,2.384925,0.72292,0.10288,0.5081
1694787846593750,-9.443014,0.716263,2.386925,0.69692,0.10288,0.4281
1694787846601562,-9.441014,0.729263,2.396925,0.67192,0.10888,0.5381
1694787846609375,-9.448014,0.727263,2.407925,0.71792,0.4488,0.3781
1694787846617187,-9.463014,0.714263,2.380925,0.69892,0.6588,0.5581
1694787846625000,-9.470014,0.714263,2.377925,0.76692,0.4388,0.3681
1694787846632812,-9.475014,0.710263,2.387925,0.78292,0.5788,0.6781
1694787846640625,-9.484014,0.714263,2.366925,0.70592,0.3888,0.6681
1694787846648437,-9.480014,0.732263,2.357925,0.71892,0.5688,0.13181
1694787846656250,-9.500014,0.712263,2.360925,0.70492,0.588,0.9881
1694787846664062,-9.500014,0.710263,2.360925,0.72492,0.3488,0.3281
1694787846671875,-9.500014,0.719263,2.364925,0.73892,0.2812,0.8181
1694787846679687,-9.493014,0.714263,2.366925,0.70492,0.2412,0.8381
1694787846687500,-9.497014,0.717263,2.366925,0.72192,0.1012,0.3481
1694787846695312,-9.493014,0.728263,2.382925,0.70592,0.812,0.381
1694787846703125,-9.479014,0.721263,2.362925,0.70392,0.2488,0.8381
1694787846710937,-9.473014,0.738263,2.371925,0.72392,0.3012,0.8081
1694787846718750,-9.464014,0.740263,2.396925,0.70892,0.1888,0.3281
1694787846726562,-9.458014,0.745263,2.389925,0.72392,0.2812,0.3381
1694787846734375,-9.440014,0.767263,2.373925,0.63392,0.6712,0.1481
1694787846742187,-9.449014,0.763263,2.382925,0.58192,0.5912,0.3581
1694787846750000,-9.449014,0.765263,2.380925,0.52292,0.1612,0.1781
1694787846757812,-9.447014,0.765263,2.357925,0.45692,0.8388,0.6881
1694787846765625,-9.442014,0.758263,2.387925,0.47692,0.3412,0.1681
1694787846773437,-9.444014,0.740263,2.375925,0.45892,0.4512,0.6019
1694787846781250,-9.444014,0.731263,2.389925,0.47292,0.812,0.12219
1694787846789062,-9.428014,0.727263,2.398925,0.45792,0.388,0.1119
1694787846796875,-9.432014,0.722263,2.389925,0.46892,0.6912,0.819
1694787846804687,-9.428014,0.729263,2.393925,0.46092,0.12812,0.6119
1694787846812500,-9.446014,0.722263,2.393925,0.47592,0.17612,0.4519
1694787846820312,-9.446014,0.731263,2.398925,0.37992,0.12512,0.5819
1694787846828125,-9.467014,0.745263,2.405925,0.39692,0.6312,0.1219
1694787846835937,-9.469014,0.736263,2.382925,0.47292,0.12212,0.4219
1694787846843750,-9.473014,0.754263,2.373925,0.43892,0.15112,0.2419
1694787846851562,-9.478014,0.736263,2.369925,0.42692,0.9212,0.4319
1694787846859375,-9.486014,0.721263,2.339925,0.45792,0.7512,0.2719
1694787846867187,-9.493014,0.714263,2.330925,0.47492,0.6112,0.4419
1694787846875000,-9.500014,0.701263,2.333925,0.47592,0.4712,0.6119
1694787846882812,-9.499014,0.697263,2.337925,0.45792,0.2288,0.7419
1694787846890625,-9.506014,0.686263,2.339925,0.47492,0.2812,0.4419
1694787846898437,-9.513014,0.690263,2.339925,0.49192,0.3012,0.6119
1694787846906250,-9.517014,0.684263,2.350925,0.45392,0.7588,0.819
1694787846914062,-9.515014,0.684263,2.348925,0.45892,0.1212,0.6019
1694787846921875,-9.517014,0.690263,2.362925,0.55392,0.1412,0.1319
1694787846929687,-9.506014,0.690263,2.364925,0.58592,0.8688,0.14019
1694787846937500,-9.499014,0.699263,2.382925,0.67492,0.6912,0.10719
1694787846945312,-9.500014,0.712263,2.384925,0.67892,0.488,0.7819
1694787846953125,-9.488014,0.710263,2.391925,0.66192,0.488,0.1419
1694787846960937,-9.498014,0.714263,2.396925,0.71192,0.3212,0.4819
1694787846968750,-9.507014,0.723263,2.387925,0.72492,0.2088,0.4619
1694787846976562,-9.506014,0.719263,2.369925,0.62992,0.688,0.6019
1694787846984375,-9.500014,0.721263,2.382925,0.70292,0.7788,0.1019
1694787846992187,-9.489014,0.723263,2.391925,0.72492,0.1112,0.1419
1694787847000000,-9.466014,0.723263,2.382925,0.70392,0.612,0.2081
1694787847007812,-9.469014,0.723263,2.367925,0.72792,0.3188,0.119
1694787847015625,-9.467014,0.736263,2.358925,0.71392,0.3188,0.6519
1694787847023437,-9.464014,0.729263,2.366925,0.68092,0.4988,0.4719
1694787847031250,-9.462014,0.729263,2.364925,0.69092,0.4188,0.2819
1694787847039062,-9.462014,0.727263,2.360925,0.70792,0.5588,0.4519
1694787847046875,-9.471014,0.721263,2.373925,0.69392,0.3788,0.6219
1694787847054687,-9.496014,0.725263,2.382925,0.63492,0.4988,0.11119
1694787847062500,-9.513014,0.732263,2.366925,0.66292,0.3788,0.6119
1694787847070312,-9.520014,0.730263,2.351925,0.67492,0.5788,0.2719
1694787847078125,-9.509014,0.744263,2.357925,0.64292,0.5788,0.2081
1694787847085937,-9.484014,0.741263,2.360925,0.74092,0.3588,0.1519
1694787847093750,-9.473014,0.747263,2.346925,0.67392,0.512,0.4319
1694787847101562,-9.460014,0.747263,2.357925,0.72792,0.3388,0.8019
1694787847109375,-9.444014,0.740263,2.357925,0.59792,0.2288,0.2819
1694787847117187,-9.446014,0.733263,2.373925,0.69792,0.3388,0.11219
1694787847125000,-9.437014,0.740263,2.382925,0.64892,0.1112,0.12619
1694787847132812,-9.464014,0.718263,2.386925,0.61192,0.2688,0.5819
1694787847140625,-9.482014,0.716263,2.380925,0.58792,0.3212,0.9519
1694787847148437,-9.500014,0.712263,2.371925,0.53592,0.8912,0.9119
1694787847156250,-9.509014,0.715263,2.387925,0.47592,0.1412,0.7719
1694787847164062,-9.500014,0.719263,2.375925,0.52292,0.1888,0.7719
1694787847171875,-9.497014,0.717263,2.373925,0.50592,0.7512,0.9219
1694787847179687,-9.487014,0.725263,2.357925,0.52492,0.11412,0.7919
1694787847187500,-9.459014,0.727263,2.339925,0.58492,0.6112,0.7719
1694787847195312,-9.455014,0.729263,2.337925,0.60492,0.11612,0.4919
1694787847203125,-9.444014,0.722263,2.348925,0.55692,0.6512,0.9519
1694787847210937,-9.448014,0.709263,2.360925,0.48992,0.10812,0.4419
1694787847218750,-9.443014,0.707263,2.366925,0.62792,0.5512,0.7519
1694787847226562,-9.454014,0.694263,2.382925,0.53492,0.2412,0.7519
1694787847234375,-9.470014,0.687263,2.393925,0.50592,0.7512,0.9219
1694787847242187,-9.490014,0.683263,2.391925,0.63392,0.11212,0.7919
1694787847250000,-9.497014,0.675263,2.395925,0.53292,0.6912,0.8919
1694787847257812,-9.506014,0.679263,2.393925,0.55292,0.12412,0.6019
1694787847265625,-9.508014,0.690263,2.380925,0.61492,0.5912,0.4519
1694787847273437,-9.498014,0.705263,2.367925,0.60792,0.10312,0.9919
1694787847281250,-9.502014,0.712263,2.355925,0.63592,0.3612,0.3419
1694787847289062,-9.497014,0.706263,2.351925,0.70992,0.1112,0.7819
1694787847296875,-9.491014,0.714263,2.362925,0.72992,0.13212,0.3419
1694787847304687,-9.500014,0.716263,2.330925,0.71392,0.8312,0.5019
1694787847312500,-9.497014,0.717263,2.335925,0.71892,0.2888,0.1019
1694787847320312,-9.500014,0.726263,2.337925,0.69092,0.9012,0.1881
1694787847328125,-9.502014,0.712263,2.339925,0.71092,0.11012,0.7919
1694787847335937,-9.500014,0.723263,2.351925,0.73092,0.8312,0.9819
1694787847343750,-9.500014,0.714263,2.357925,0.72892,0.1312,0.14419
1694787847351562,-9.500014,0.726263,2.364925,0.68992,0.2212,0.4319
1694787847359375,-9.502014,0.723263,2.371925,0.61792,0.3212,0.1519
1694787847367187,-9.493014,0.721263,2.387925,0.58392,0.688,0.9219
1694787847375000,-9.482014,0.723263,2.402925,0.66192,0.6988,0.6119
1694787847382812,-9.480014,0.723263,2.411925,0.63092,0.5588,0.10819
1694787847390625,-9.473014,0.750263,2.396925,0.58092,0.10688,0.5819
1694787847398437,-9.471014,0.752263,2.407925,0.72792,0.8288,0.8019
1694787847406250,-9.458014,0.763263,2.398925,0.59692,0.9088,0.4219
1694787847414062,-9.447014,0.756263,2.396925,0.56992,0.288,0.4619
1694787847421875,-9.444014,0.756263,2.378925,0.50792,0.8488,0.10819
1694787847429687,-9.442014,0.740263,2.362925,0.47492,0.6988,0.7519
1694787847437500,-9.464014,0.734263,2.357925,0.45792,0.8888,0.9019
1694787847445312,-9.482014,0.727263,2.362925,0.47492,0.8488,0.6019
1694787847453125,-9.500014,0.723263,2.360925,0.52392,0.6788,0.10919
1694787847460937,-9.518014,0.728263,2.366925,0.45592,0.9088,0.7319
1694787847468750,-9.534014,0.722263,2.369925,0.52392,0.4988,0.6219
1694787847476562,-9.541014,0.726263,2.369925,0.59092,0.9288,0.11319
1694787847484375,-9.525014,0.724263,2.364925,0.45992,0.7288,0.18619
1694787847492187,-9.520014,0.726263,2.348925,0.50892,0.5188,0.14119
1694787847500000,-9.507014,0.714263,2.346925,0.44992,0.8088,0.20619
1694787847507812,-9.497014,0.706263,2.344925,0.52192,0.6988,0.10819
1694787847515625,-9.477014,0.705263,2.351925,0.54092,0.8288,0.15819
1694787847523437,-9.461014,0.687263,2.335925,0.55892,0.6488,0.17519
1694787847531250,-9.461014,0.692263,2.321925,0.64892,0.10388,0.17319
1694787847539062,-9.461014,0.694263,2.323925,0.72292,0.9288,0.15519
1694787847546875,-9.461014,0.687263,2.331925,0.66892,0.4388,0.8219
1694787847554687,-9.457014,0.703263,2.323925,0.64392,0.4188,0.4319
1694787847562500,-9.443014,0.696263,2.337925,0.67692,0.5588,0.6019
1694787847570312,-9.459014,0.689263,2.333925,0.71492,0.2988,0.5019
1694787847578125,-9.468014,0.707263,2.348925,0.72692,0.5188,0.6319
1694787847585937,-9.475014,0.709263,2.362925,0.72892,0.1488,0.6519
1694787847593750,-9.480014,0.732263,2.357925,0.70792,0.2288,0.4519
1694787847601562,-9.489014,0.728263,2.364925,0.78692,0.912,0.6219
1694787847609375,-9.487014,0.741263,2.364925,0.74192,0.1112,0.11119
1694787847617187,-9.498014,0.745263,2.375925,0.71192,0.6212,0.6419
1694787847625000,-9.489014,0.743263,2.378925,0.75692,0.7712,0.3119
1694787847632812,-9.482014,0.736263,2.371925,0.74592,0.13212,0.5119
1694787847640625,-9.485014,0.743263,2.349925,0.79392,0.10112,0.6819
1694787847648437,-9.469014,0.741263,2.351925,0.75692,0.14312,0.0
1694787847656250,-9.458014,0.740263,2.328925,0.71592,0.18312,0.5219
1694787847664062,-9.473014,0.738263,2.324925,0.72592,0.9512,0.0
1694787847671875,-9.493014,0.743263,2.317925,0.71092,0.7912,0.4819
1694787847679687,-9.509014,0.743263,2.312925,0.77092,0.4212,0.4619
1694787847687500,-9.518014,0.737263,2.326925,0.85092,0.15712,0.6419
1694787847695312,-9.509014,0.737263,2.326925,0.86492,0.8912,0.9519
1694787847703125,-9.516014,0.719263,2.330925,0.79192,0.4812,0.8219
1694787847710937,-9.505014,0.728263,2.346925,0.80892,0.8312,0.11519
1694787847718750,-9.500014,0.730263,2.346925,0.80092,0.5412,0.9319
1694787847726562,-9.500014,0.737263,2.353925,0.72492,0.4212,0.7819
1694787847734375,-9.509014,0.743263,2.373925,0.78892,0.6012,0.6419
1694787847742187,-9.503014,0.754263,2.364925,0.74092,0.1112,0.4719
1694787847750000,-9.501014,0.770263,2.371925,0.74292,0.1312,0.9619
1694787847757812,-9.503014,0.783263,2.362925,0.71492,0.3112,0.16119
1694787847765625,-9.485014,0.783263,2.360925,0.73392,0.6812,0.17919
1694787847773437,-9.476014,0.792263,2.355925,0.71592,0.5012,0.17819
1694787847781250,-9.483014,0.799263,2.351925,0.66292,0.4188,0.18819
1694787847789062,-9.492014,0.790263,2.339925,0.70992,0.912,0.14219
1694787847796875,-9.490014,0.792263,2.335925,0.71492,0.3388,0.17619
1694787847804687,-9.481014,0.794263,2.333925,0.73192,0.3188,0.19419
1694787847812500,-9.492014,0.792263,2.339925,0.71292,0.5288,0.14319
1694787847820312,-9.496014,0.792263,2.351925,0.70692,0.4388,0.10719
1694787847828125,-9.499014,0.787263,2.362925,0.73192,0.4688,0.14619
1694787847835937,-9.499014,0.797263,2.351925,0.70892,0.3988,0.10919
1694787847843750,-9.487014,0.778263,2.342925,0.73092,0.4588,0.9819
1694787847851562,-9.487014,0.781263,2.342925,0.71392,0.3388,0.12819
1694787847859375,-9.485014,0.778263,2.337925,0.73192,0.4688,0.16219
1694787847867187,-9.481014,0.783263,2.353925,0.69692,0.8488,0.14319
1694787847875000,-9.483014,0.785263,2.353925,0.70092,0.6288,0.16219
1694787847882812,-9.489014,0.781263,2.351925,0.73792,0.10688,0.7619
1694787847890625,-9.496014,0.779263,2.357925,0.64892,0.8488,0.12619
1694787847898437,-9.499014,0.790263,2.373925,0.66992,0.6088,0.13019
1694787847906250,-9.499014,0.792263,2.369925,0.63292,0.10088,0.9419
1694787847914062,-9.501014,0.797263,2.355925,0.66492,0.5188,0.14319
1694787847921875,-9.501014,0.794263,2.355925,0.74892,0.512,0.14819
1694787847929687,-9.497014,0.801263,2.364925,0.71492,0.188,0.20919
1694787847937500,-9.497014,0.796263,2.353925,0.73092,0.4888,0.14519
1694787847945312,-9.483014,0.801263,2.353925,0.71592,0.3188,0.17719
1694787847953125,-9.481014,0.803263,2.351925,0.73192,0.4388,0.8319
1694787847960937,-9.492014,0.790263,2.342925,0.71592,0.4588,0.11419
1694787847968750,-9.501014,0.797263,2.348925,0.70992,0.3788,0.7819
1694787847976562,-9.497014,0.799263,2.344925,0.72692,0.13388,0.9519
1694787847984375,-9.485014,0.790263,2.337925,0.71392,0.4988,0.12819
1694787847992187,-9.485014,0.792263,2.344925,0.72692,0.8488,0.7919
1694787848000000,-9.476014,0.789263,2.335925,0.70992,0.10088,0.4619
1694787848007812,-9.472014,0.798263,2.349925,0.72892,0.6488,0.6519
1694787848015625,-9.472014,0.789263,2.346925,0.74492,0.4788,0.4919
1694787848023437,-9.470014,0.789263,2.358925,0.79192,0.3188,0.6619
1694787848031250,-9.476014,0.792263,2.346925,0.79092,0.1788,0.6519
1694787848039062,-9.470014,0.794263,2.351925,0.69992,0.3812,0.3519
1694787848046875,-9.479014,0.803263,2.355925,0.74492,0.1288,0.1819
1694787848054687,-9.468014,0.816263,2.344925,0.80492,0.8488,0.8019
1694787848062500,-9.472014,0.823263,2.351925,0.94792,0.9788,0.5119
1694787848070312,-9.470014,0.816263,2.344925,0.91392,0.6888,0.4919
1694787848078125,-9.479014,0.825263,2.330925,0.81792,0.2312,0.7819
1694787848085937,-9.477014,0.829263,2.315925,0.73992,0.13388,0.181
1694787848093750,-9.481014,0.812263,2.312925,0.70692,0.3988,0.281
1694787848101562,-9.492014,0.828263,2.321925,0.72492,0.2088,0.1419
1694787848109375,-9.495014,0.839263,2.324925,0.71092,0.9888,0.3119
1694787848117187,-9.497014,0.834263,2.330925,0.72092,0.1088,0.1119
1694787848125000,-9.490014,0.841263,2.346925,0.70492,0.4388,0.1119
1694787848132812,-9.488014,0.845263,2.342925,0.70692,0.9088,0.6019
1694787848140625,-9.492014,0.825263,2.355925,0.70792,0.5388,0.181
1694787848148437,-9.486014,0.834263,2.351925,0.70992,0.10288,0.7819
1694787848156250,-9.484014,0.830263,2.351925,0.72392,0.5388,0.1419
1694787848164062,-9.472014,0.830263,2.362925,0.70192,0.7988,0.919
1694787848171875,-9.459014,0.829263,2.371925,0.72092,0.9288,0.5919
1694787848179687,-9.447014,0.825263,2.369925,0.70792,0.2288,0.1319
1694787848187500,-9.443014,0.831263,2.375925,0.71992,0.1288,0.4219
1694787848195312,-9.447014,0.829263,2.377925,0.68492,0.9888,0.881
1694787848203125,-9.436014,0.831263,2.371925,0.67492,0.5788,0.1119
1694787848210937,-9.430014,0.840263,2.369925,0.72192,0.7388,0.2819
1694787848218750,-9.445014,0.825263,2.375925,0.62692,0.2412,0.2081
1694787848226562,-9.448014,0.833263,2.358925,0.47792,0.4912,0.6219
1694787848234375,-9.468014,0.827263,2.360925,0.47892,0.6912,0.1619
1694787848242187,-9.482014,0.832263,2.355925,0.51192,0.5212,0.8019
1694787848250000,-9.501014,0.814263,2.351925,0.49492,0.6712,0.7919
1694787848257812,-9.528014,0.804263,2.342925,0.50192,0.5788,0.2519
1694787848265625,-9.537014,0.804263,2.355925,0.53992,0.8088,0.4719
1694787848273437,-9.540014,0.806263,2.378925,0.61992,0.12788,0.6419
1694787848281250,-9.542014,0.797263,2.364925,0.63492,0.14388,0.3219
1694787848289062,-9.533014,0.797263,2.355925,0.55292,0.6588,0.3381
1694787848296875,-9.524014,0.799263,2.346925,0.54092,0.9488,0.3219
1694787848304687,-9.514014,0.786263,2.315925,0.52292,0.14988,0.12419
1694787848312500,-9.501014,0.770263,2.324925,0.53692,0.21588,0.2819
1694787848320312,-9.487014,0.758263,2.335925,0.60392,0.11088,0.4819
1694787848328125,-9.462014,0.756263,2.339925,0.58392,0.19688,0.3481
1694787848335937,-9.458014,0.745263,2.342925,0.66292,0.21588,0.9319
1694787848343750,-9.453014,0.747263,2.358925,0.66492,0.15988,0.1581
1694787848351562,-9.458014,0.749263,2.364925,0.66092,0.15188,0.2919
1694787848359375,-9.466014,0.752263,2.378925,0.67592,0.15688,0.9119
1694787848367187,-9.469014,0.752263,2.389925,0.72392,0.14988,0.1781
1694787848375000,-9.469014,0.758263,2.391925,0.70992,0.8288,0.3281
1694787848382812,-9.467014,0.761263,2.396925,0.70592,0.7188,0.5181
1694787848390625,-9.464014,0.758263,2.391925,0.71792,0.11088,0.2281
1694787848398437,-9.465014,0.761263,2.378925,0.73892,0.6988,0.3381
1694787848406250,-9.458014,0.758263,2.371925,0.70492,0.7388,0.3681
1694787848414062,-9.446014,0.762263,2.373925,0.72292,0.2288,0.281
1694787848421875,-9.438014,0.774263,2.375925,0.70592,0.2412,0.1981
1694787848429687,-9.444014,0.778263,2.371925,0.72192,0.688,0.3481
1694787848437500,-9.451014,0.776263,2.364925,0.70492,0.4188,0.1981
1694787848445312,-9.451014,0.776263,2.362925,0.70392,0.2688,0.2081
1694787848453125,-9.465014,0.778263,2.357925,0.70892,0.488,0.3019
1694787848460937,-9.483014,0.781263,2.357925,0.70992,0.288,0.1681
1694787848468750,-9.492014,0.767263,2.344925,0.72892,0.3612,0.4581
1694787848476562,-9.496014,0.765263,2.355925,0.70692,0.3988,0.1881
1694787848484375,-9.498014,0.779263,2.373925,0.71992,0.9088,0.3581
1694787848492187,-9.501014,0.774263,2.364925,0.70592,0.3888,0.5081
1694787848500000,-9.500014,0.772263,2.371925,0.74992,0.9488,0.581
1694787848507812,-9.501014,0.777263,2.369925,0.75692,0.3588,0.0
1694787848515625,-9.499014,0.774263,2.348925,0.71092,0.1688,0.1619
1694787848523437,-9.500014,0.759263,2.346925,0.72392,0.2588,0.9219
1694787848531250,-9.512014,0.761263,2.349925,0.71392,0.1712,0.6519
1694787848539062,-9.518014,0.748263,2.360925,0.70792,0.2288,0.6119
1694787848546875,-9.514014,0.741263,2.357925,0.72292,0.2412,0.2919
1694787848554687,-9.509014,0.748263,2.364925,0.69492,0.1888,0.4719
1694787848562500,-9.498014,0.759263,2.373925,0.71192,0.1688,0.4819
1694787848570312,-9.489014,0.761263,2.371925,0.72392,0.3788,0.181
1694787848578125,-9.473014,0.761263,2.396925,0.70592,0.10688,0.1119
1694787848585937,-9.447014,0.762263,2.407925,0.69492,0.8488,0.4619
1694787848593750,-9.440014,0.760263,2.405925,0.72092,0.9288,0.4319
1694787848601562,-9.429014,0.758263,2.416925,0.72792,0.1688,0.6419
1694787848609375,-9.429014,0.760263,2.414925,0.69392,0.8288,0.3281
1694787848617187,-9.428014,0.758263,2.414925,0.70492,0.9088,0.481
1694787848625000,-9.433014,0.758263,2.430925,0.72692,0.8288,0.3219
1694787848632812,-9.449014,0.765263,2.405925,0.70492,0.7588,0.1119
1694787848640625,-9.460014,0.767263,2.402925,0.70892,0.10088,0.181
1694787848648437,-9.478014,0.767263,2.400925,0.67592,0.2288,0.1881
1694787848656250,-9.503014,0.770263,2.396925,0.73692,0.8888,0.6681
1694787848664062,-9.494014,0.777263,2.389925,0.65992,0.5388,0.5081
1694787848671875,-9.507014,0.766263,2.387925,0.70392,0.3812,0.3681
1694787848679687,-9.503014,0.775263,2.373925,0.70492,0.812,0.3581
1694787848687500,-9.505014,0.781263,2.353925,0.67492,0.2288,0.5181
1694787848695312,-9.501014,0.777263,2.344925,0.66192,0.288,0.3381
1694787848703125,-9.503014,0.790263,2.348925,0.56892,0.4988,0.4981
1694787848710937,-9.501014,0.797263,2.348925,0.55292,0.3688,0.4419
1694787848718750,-9.504014,0.814263,2.358925,0.63292,0.8288,0.4719
1694787848726562,-9.492014,0.808263,2.366925,0.61192,0.12288,0.2619
1694787848734375,-9.492014,0.814263,2.371925,0.45692,0.7388,0.8919
1694787848742187,-9.497014,0.803263,2.373925,0.47492,0.3688,0.7519
1694787848750000,-9.479014,0.794263,2.364925,0.46292,0.4988,0.12519
1694787848757812,-9.479014,0.799263,2.382925,0.45892,0.3988,0.15419
1694787848765625,-9.483014,0.788263,2.380925,0.47292,0.5788,0.10519
1694787848773437,-9.480014,0.781263,2.384925,0.48992,0.3988,0.12319
1694787848781250,-9.474014,0.783263,2.393925,0.45892,0.7188,0.15419
1694787848789062,-9.454014,0.778263,2.382925,0.47792,0.6388,0.4619
1694787848796875,-9.447014,0.780263,2.380925,0.47592,0.8488,0.9219
1694787848804687,-9.440014,0.776263,2.384925,0.50092,0.9488,0.8719
1694787848812500,-9.442014,0.778263,2.377925,0.51192,0.10088,0.6819
1694787848820312,-9.431014,0.771263,2.375925,0.58092,0.10888,0.10519
1694787848828125,-9.449014,0.776263,2.375925,0.50392,0.7388,0.10619
1694787848835937,-9.449014,0.783263,2.355925,0.53592,0.5588,0.5919
1694787848843750,-9.454014,0.780263,2.364925,0.44392,0.10288,0.10719
1694787848851562,-9.465014,0.776263,2.369925,0.47792,0.0,0.9419
1694787848859375,-9.465014,0.787263,2.346925,0.46192,0.1612,0.6219
1694787848867187,-9.478014,0.785263,2.353925,0.45792,0.7512,0.5919
1694787848875000,-9.485014,0.794263,2.348925,0.47492,0.3688,0.7519
1694787848882812,-9.501014,0.792263,2.353925,0.49292,0.1612,0.6219
1694787848890625,-9.490014,0.783263,2.357925,0.45692,0.1012,0.1019
1694787848898437,-9.494014,0.779263,2.348925,0.47492,0.188,0.1219
1694787848906250,-9.494014,0.783263,2.355925,0.53592,0.2612,0.6019
1694787848914062,-9.485014,0.785263,2.373925,0.50292,0.4088,0.4219
1694787848921875,-9.489014,0.801263,2.368925,0.49592,0.2912,0.3619
1694787848929687,-9.487014,0.785263,2.369925,0.50792,0.1412,0.9319
1694787848937500,-9.483014,0.794263,2.378925,0.49192,0.3588,0.9319
1694787848945312,-9.481014,0.787263,2.375925,0.50592,0.4512,0.4419
1694787848953125,-9.487014,0.785263,2.378925,0.51692,0.5988,0.4119
1694787848960937,-9.490014,0.794263,2.378925,0.51792,0.4288,0.5719
1694787848968750,-9.499014,0.794263,2.373925,0.50492,0.1212,0.1219
1694787848976562,-9.494014,0.792263,2.380925,0.53492,0.5588,0.1119
1694787848984375,-9.503014,0.797263,2.378925,0.54892,0.4088,0.581
1694787848992187,-9.496014,0.777263,2.384925,0.58292,0.8688,0.2819
1694787849000000,-9.496014,0.759263,2.380925,0.55192,0.12188,0.9119
1694787849007812,-9.491014,0.759263,2.378925,0.72392,0.7288,0.7719
1694787849015625,-9.482014,0.761263,2.378925,0.65992,0.9288,0.12219
1694787849023437,-9.478014,0.754263,2.384925,0.65892,0.7688,0.7419
1694787849031250,-9.476014,0.752263,2.389925,0.59692,0.10488,0.1119
1694787849039062,-9.476014,0.763263,2.389925,0.58092,0.5988,0.7319
1694787849046875,-9.464014,0.756263,2.391925,0.68592,0.6388,0.919
1694787849054687,-9.473014,0.761263,2.389925,0.66092,0.10488,0.4419
1694787849062500,-9.469014,0.759263,2.393925,0.68692,0.7988,0.2419
1694787849070312,-9.464014,0.761263,2.380925,0.71992,0.7388,0.5181
1694787849078125,-9.467014,0.758263,2.380925,0.70992,0.8288,0.3281
1694787849085937,-9.469014,0.761263,2.393925,0.72492,0.6788,0.3281
1694787849093750,-9.465014,0.758263,2.387925,0.71292,0.6188,0.219
1694787849101562,-9.476014,0.754263,2.367925,0.71592,0.7488,0.1281
1694787849109375,-9.480014,0.747263,2.366925,0.72392,0.8888,0.6119
1694787849117187,-9.493014,0.741263,2.366925,0.71092,0.1888,0.4719
1694787849125000,-9.489014,0.745263,2.369925,0.72992,0.7888,0.3419
1694787849132812,-9.501014,0.743263,2.378925,0.71692,0.7488,0.3619
1694787849140625,-9.487014,0.745263,2.375925,0.74092,0.11488,0.3281
1694787849148437,-9.494014,0.752263,2.387925,0.78592,0.6988,0.3381
1694787849156250,-9.492014,0.756263,2.405925,0.71292,0.11088,0.1481
1694787849164062,-9.473014,0.750263,2.405925,0.84692,0.13788,0.4981
1694787849171875,-9.467014,0.747263,2.367925,0.75992,0.2988,0.2981
1694787849179687,-9.465014,0.756263,2.353925,0.77792,0.4388,0.1919
1694787849187500,-9.476014,0.752263,2.346925,0.79092,0.11388,0.1719
1694787849195312,-9.476014,0.745263,2.333925,0.70192,0.10288,0.2681
1694787849203125,-9.475014,0.721263,2.321925,0.81892,0.6888,0.0
1694787849210937,-9.480014,0.723263,2.326925,0.78992,0.8088,0.1481
1694787849218750,-9.486014,0.723263,2.342925,0.81692,0.10288,0.3381
1694787849226562,-9.491014,0.723263,2.346925,0.80692,0.6488,0.1819
1694787849234375,-9.498014,0.725263,2.346925,0.89992,0.8288,0.3419
1694787849242187,-9.487014,0.723263,2.378925,0.88592,0.2988,0.1181
1694787849250000,-9.480014,0.732263,2.378925,0.88592,0.1588,0.3519
1694787849257812,-9.476014,0.736263,2.371925,0.94792,0.1588,0.3619
1694787849265625,-9.469014,0.745263,2.391925,0.89692,0.3588,0.4681
1694787849273437,-9.471014,0.741263,2.389925,0.94492,0.288,0.2981
1694787849281250,-9.455014,0.747263,2.380925,0.94692,0.6412,0.1919
1694787849289062,-9.446014,0.747263,2.384925,0.94592,0.8112,0.2881
1694787849296875,-9.449014,0.742263,2.373925,0.91292,0.3588,0.3081
1694787849304687,-9.449014,0.749263,2.380925,0.91492,0.3188,0.6081
1694787849312500,-9.455014,0.745263,2.378925,0.91192,0.2088,0.1581
1694787849320312,-9.462014,0.729263,2.387925,0.94692,0.112,0.4381
1694787849328125,-9.471014,0.741263,2.387925,0.97592,0.4612,0.4581
1694787849335937,-9.480014,0.752263,2.378925,0.89892,0.0,0.2981
1694787849343750,-9.489014,0.761263,2.380925,0.90992,0.3988,0.4881
1694787849351562,-9.498014,0.759263,2.362925,0.90292,0.2112,0.1081
1694787849359375,-9.501014,0.770263,2.373925,0.90292,0.10112,0.2119
1694787849367187,-9.503014,0.770263,2.369925,0.99692,0.6812,0.3819
1694787849375000,-9.512014,0.783263,2.371925,0.91392,0.9512,0.1381
1694787849382812,-9.508014,0.777263,2.355925,0.85092,0.16112,0.4581
1694787849390625,-9.501014,0.779263,2.357925,0.77392,0.12812,0.0
1694787849398437,-9.503014,0.763263,2.344925,0.71392,0.8112,0.9719
1694787849406250,-9.498014,0.754263,2.351925,0.72992,0.6412,0.11319
1694787849414062,-9.487014,0.761263,2.362925,0.69792,0.4812,0.8019
1694787849421875,-9.496014,0.757263,2.375925,0.71192,0.3012,0.9619
1694787849429687,-9.499014,0.770263,2.376925,0.72992,0.3412,0.6619
1694787849437500,-9.485014,0.772263,2.357925,0.67792,0.688,0.10919
1694787849445312,-9.492014,0.783263,2.373925,0.70592,0.2012,0.9019
1694787849453125,-9.474014,0.796263,2.375925,0.69592,0.4612,0.7919
1694787849460937,-9.476014,0.792263,2.378925,0.71492,0.1588,0.12919
1694787849468750,-9.481014,0.801263,2.375925,0.66492,0.3588,0.9519
1694787849476562,-9.472014,0.783263,2.373925,0.71592,0.1388,0.11419
1694787849484375,-9.474014,0.783263,2.364925,0.63492,0.1488,0.6419
1694787849492187,-9.465014,0.778263,2.360925,0.51392,0.6088,0.14519
1694787849500000,-9.469014,0.774263,2.362925,0.58792,0.4988,0.14319
1694787849507812,-9.465014,0.767263,2.373925,0.46092,0.6788,0.14019
1694787849515625,-9.480014,0.756263,2.375925,0.52292,0.8488,0.7719
1694787849523437,-9.476014,0.760263,2.376925,0.47992,0.7888,0.11119
1694787849531250,-9.485014,0.758263,2.364925,0.52792,0.5988,0.8119
1694787849539062,-9.485014,0.754263,2.366925,0.47692,0.8288,0.7719
1694787849546875,-9.498014,0.759263,2.366925,0.57092,0.1688,0.6319
1694787849554687,-9.501014,0.752263,2.371925,0.54592,0.2588,0.9819
1694787849562500,-9.494014,0.761263,2.373925,0.51192,0.14188,0.8019
1694787849570312,-9.485014,0.759263,2.387925,0.58692,0.6888,0.14219
1694787849578125,-9.483014,0.763263,2.371925,0.58692,0.8288,0.9419
1694787849585937,-9.478014,0.772263,2.357925,0.46092,0.6788,0.10819
1694787849593750,-9.465014,0.771263,2.369925,0.51292,0.9488,0.19219
1694787849601562,-9.470014,0.778263,2.373925,0.52792,0.4388,0.8119
1694787849609375,-9.476014,0.776263,2.369925,0.55292,0.2088,0.4419
1694787849617187,-9.478014,0.774263,2.362925,0.52192,0.1212,0.4419
1694787849625000,-9.481014,0.778263,2.360925,0.49792,0.512,0.9719
1694787849632812,-9.490014,0.776263,2.364925,0.50992,0.3188,0.9519
1694787849640625,-9.494014,0.774263,2.357925,0.45592,0.5588,0.1019
1694787849648437,-9.485014,0.774263,2.362925,0.45692,0.2288,0.4219
1694787849656250,-9.496014,0.774263,2.360925,0.49192,0.3488,0.7719
1694787849664062,-9.490014,0.781263,2.367925,0.52692,0.3188,0.12719
1694787849671875,-9.478014,0.778263,2.369925,0.47892,0.1488,0.7919
1694787849679687,-9.469014,0.774263,2.371925,0.47892,0.4788,0.11019
1694787849687500,-9.465014,0.774263,2.358925,0.49692,0.3612,0.11219
1694787849695312,-9.454014,0.771263,2.358925,0.51292,0.312,0.14419
1694787849703125,-9.451014,0.778263,2.360925,0.51192,0.112,0.14319
1694787849710937,-9.445014,0.780263,2.353925,0.46192,0.1888,0.14019
1694787849718750,-9.456014,0.780263,2.360925,0.52692,0.1288,0.8019
1694787849726562,-9.467014,0.789263,2.342925,0.55592,0.288,0.12619
1694787849734375,-9.467014,0.785263,2.357925,0.55392,0.488,0.9319
1694787849742187,-9.490014,0.790263,2.369925,0.55992,0.2112,0.9819
1694787849750000,-9.485014,0.783263,2.360925,0.61992,0.3412,0.8019
1694787849757812,-9.497014,0.790263,2.378925,0.57192,0.3388,0.11119
1694787849765625,-9.503014,0.783263,2.378925,0.56992,0.8488,0.9319
1694787849773437,-9.501014,0.783263,2.384925,0.67592,0.7488,0.9119
1694787849781250,-9.503014,0.783263,2.382925,0.69192,0.5612,0.7719
1694787849789062,-9.494014,0.790263,2.382925,0.69592,0.4412,0.11119
1694787849796875,-9.485014,0.781263,2.373925,0.63092,0.6112,0.3019
1694787849804687,-9.481014,0.785263,2.371925,0.68292,0.1488,0.8119
1694787849812500,-9.474014,0.789263,2.373925,0.72792,0.1312,0.9619
1694787849820312,-9.469014,0.789263,2.375925,0.72492,0.1112,0.1419
1694787849828125,-9.469014,0.796263,2.371925,0.75592,0.2612,0.6219
1694787849835937,-9.470014,0.800263,2.373925,0.71492,0.5012,0.9819
1694787849843750,-9.481014,0.807263,2.371925,0.72592,0.1312,0.3119
1694787849851562,-9.486014,0.814263,2.373925,0.66692,0.8312,0.4919
1694787849859375,-9.486014,0.812263,2.369925,0.69892,0.312,0.1819
1694787849867187,-9.492014,0.812263,2.360925,0.72592,0.1888,0.1519
1694787849875000,-9.504014,0.814263,2.364925,0.70892,0.488,0.3019
1694787849882812,-9.506014,0.812263,2.373925,0.72592,0.5188,0.3119
1694787849890625,-9.504014,0.801263,2.380925,0.71492,0.4588,0.6619
1694787849898437,-9.503014,0.797263,2.373925,0.70992,0.6788,0.3119
1694787849906250,-9.506014,0.808263,2.371925,0.70992,0.10088,0.4619
1694787849914062,-9.502014,0.816263,2.376925,0.72992,0.9488,0.6619
1694787849921875,-9.502014,0.823263,2.369925,0.71392,0.2988,0.1819
1694787849929687,-9.495014,0.814263,2.369925,0.72892,0.9488,0.1819
1694787849937500,-9.490014,0.810263,2.378925,0.74592,0.4788,0.11319
1694787849945312,-9.472014,0.803263,2.376925,0.71192,0.8288,0.6419
1694787849953125,-9.472014,0.798263,2.385925,0.76292,0.7688,0.8319
1694787849960937,-9.456014,0.798263,2.394925,0.69592,0.6588,0.3119
1694787849968750,-9.452014,0.793263,2.396925,0.77792,0.9588,0.9819
1694787849976562,-9.445014,0.796263,2.378925,0.78992,0.4788,0.1381
1694787849984375,-9.452014,0.798263,2.382925,0.69792,0.4788,0.6519
1694787849992187,-9.457014,0.811263,2.396925,0.72992,0.2988,0.1819
1694787850000000,-9.466014,0.811263,2.398925,0.74992,0.3788,0.981
1694787850007812,-9.466014,0.809263,2.394925,0.71492,0.2788,0.319
1694787850015625,-9.470014,0.811263,2.387925,0.72992,0.312,0.219
1694787850023437,-9.472014,0.807263,2.387925,0.71392,0.5988,0.1281
1694787850031250,-9.479014,0.794263,2.380925,0.72992,0.312,0.1819
1694787850039062,-9.492014,0.794263,2.364925,0.73192,0.888,0.419
1694787850046875,-9.501014,0.787263,2.358925,0.71392,0.7688,0.1381
1694787850054687,-9.512014,0.797263,2.362925,0.72692,0.9888,0.1619
1694787850062500,-9.515014,0.794263,2.373925,0.71392,0.7888,0.3419
1694787850070312,-9.503014,0.799263,2.396925,0.75592,0.11788,0.1681
1694787850078125,-9.506014,0.810263,2.391925,0.76192,0.6088,0.3519
1694787850085937,-9.497014,0.810263,2.389925,0.71092,0.12988,0.1581
1694787850093750,-9.485014,0.801263,2.364925,0.72592,0.3588,0.4719
1694787850101562,-9.478014,0.785263,2.339925,0.71092,0.8288,0.0
1694787850109375,-9.469014,0.772263,2.348925,0.72592,0.6588,0.0
1694787850117187,-9.458014,0.756263,2.344925,0.71292,0.11388,0.4819
1694787850125000,-9.458014,0.754263,2.346925,0.75792,0.18388,0.11119
1694787850132812,-9.451014,0.754263,2.348925,0.75792,0.15088,0.11119
1694787850140625,-9.460014,0.754263,2.360925,0.70892,0.15488,0.14019
1694787850148437,-9.462014,0.767263,2.364925,0.75492,0.888,0.9319
1694787850156250,-9.467014,0.776263,2.364925,0.80192,0.12188,0.7719
1694787850164062,-9.469014,0.785263,2.373925,0.78892,0.13388,0.9519
1694787850171875,-9.470014,0.796263,2.385925,0.82392,0.3188,0.9819
1694787850179687,-9.474014,0.796263,2.387925,0.86992,0.0,0.5119
1694787850187500,-9.465014,0.798263,2.389925,0.93192,0.4812,0.3519
1694787850195312,-9.463014,0.812263,2.414925,0.77292,0.3588,0.3219
1694787850203125,-9.452014,0.816263,2.400925,0.75692,0.1312,0.1619
1694787850210937,-9.454014,0.820263,2.398925,0.77592,0.9912,0.319
1694787850218750,-9.452014,0.829263,2.407925,0.75892,0.13012,0.219
1694787850226562,-9.457014,0.829263,2.403925,0.76092,0.3112,0.11319
1694787850234375,-9.443014,0.829263,2.396925,0.70992,0.10812,0.7819
1694787850242187,-9.445014,0.829263,2.393925,0.72492,0.10812,0.4619
1694787850250000,-9.450014,0.831263,2.396925,0.72892,0.9712,0.8119
1694787850257812,-9.443014,0.829263,2.391925,0.71692,0.15012,0.9919
1694787850265625,-9.443014,0.822263,2.371925,0.72992,0.16312,0.9819
1694787850273437,-9.452014,0.809263,2.357925,0.66492,0.11212,0.8019
1694787850281250,-9.468014,0.800263,2.351925,0.68492,0.23012,0.9919
1694787850289062,-9.499014,0.796263,2.355925,0.60392,0.14712,0.8019
1694787850296875,-9.501014,0.794263,2.353925,0.68292,0.11412,0.9719
1694787850304687,-9.512014,0.794263,2.358925,0.65292,0.13212,0.9819
1694787850312500,-9.521014,0.792263,2.360925,0.65092,0.3212,0.9619
1694787850320312,-9.519014,0.795263,2.369925,0.71392,0.11112,0.16019
1694787850328125,-9.524014,0.792263,2.369925,0.73192,0.8012,0.20919
1694787850335937,-9.523014,0.795263,2.364925,0.61892,0.9312,0.17419
1694787850343750,-9.512014,0.792263,2.360925,0.57192,0.11212,0.14319
1694787850351562,-9.501014,0.799263,2.351925,0.57492,0.6912,0.11319
1694787850359375,-9.488014,0.827263,2.355925,0.46192,0.6588,0.10919
1694787850367187,-9.492014,0.812263,2.362925,0.47892,0.0,0.12619
1694787850375000,-9.481014,0.823263,2.362925,0.47692,0.10388,0.21919
1694787850382812,-9.470014,0.818263,2.369925,0.49092,0.8688,0.10719
1694787850390625,-9.465014,0.812263,2.380925,0.49092,0.3788,0.12419
1694787850398437,-9.459014,0.800263,2.385925,0.55992,0.6488,0.20719
1694787850406250,-9.447014,0.795263,2.389925,0.56192,0.4188,0.14619
1694787850414062,-9.452014,0.796263,2.394925,0.52992,0.4388,0.16119
1694787850421875,-9.447014,0.784263,2.400925,0.47992,0.9488,0.9519
1694787850429687,-9.445014,0.771263,2.394925,0.46092,0.4988,0.6119
